1091 2079 001.jpg 22
1376 2118 002.jpg 22
1408 2118 003.jpg 25
1210 2142 004.jpg 24
1813 2021 005.jpg 19
2001 1967 006.jpg 18
1930 1923 007.jpg 17
1837 1877 008.jpg 16
1930 2193 009.jpg 28
2082 2176 010.jpg 30
1560 2264 011.jpg 27
1847 2237 012.jpg 30
1780 2177 013.jpg 21
2135 2255 014.jpg 20
1857 2211 015.jpg 21
1891 2268 016.jpg 22
2030 2184 017.jpg 30
2369 2264 018.jpg 33
2174 2343 019.jpg 29
1936 2337 020.jpg 29
1692 1896 021.jpg 34
2196 2050 022.jpg 30
2024 2186 023.jpg 34
2178 2298 024.jpg 31
1538 2096 025.jpg 27
1971 2242 026.jpg 28
1734 2229 027.jpg 29
1631 2296 028.jpg 30
1730 2323 029.jpg 35
2078 1673 030.jpg 26
1814 1681 031.jpg 28
1931 1703 032.jpg 24
1543 2296 033.jpg 25
1991 2268 034.jpg 30
1751 2274 035.jpg 25
1611 2306 036.jpg 29
2118 1696 037.jpg 25
2169 1741 038.jpg 28
1984 1561 039.jpg 25
1954 1534 040.jpg 26
1899 2221 041.jpg 24
2493 2248 042.jpg 25
2219 2266 043.jpg 25
2276 2249 044.jpg 23
1621 2114 045.jpg 29
2031 2101 046.jpg 28
1689 2049 047.jpg 27
1801 2063 048.jpg 31
2156 1721 049.jpg 19
2168 1791 050.jpg 19
2106 1861 051.jpg 18
2024 1854 052.jpg 20
2459 2012 053.jpg 28
2422 2111 054.jpg 30
2443 2033 055.jpg 30
2338 2187 056.jpg 31
2211 1432 057.jpg 28
2336 1728 058.jpg 27
2298 1775 059.jpg 26
2209 1614 060.jpg 26
2306 2269 061.jpg 32
2519 2314 062.jpg 32
2280 2324 063.jpg 31
2327 2335 064.jpg 31
1249 2247 065.jpg 24
1734 2330 066.jpg 29
1768 2319 067.jpg 28
1722 2337 068.jpg 32
2052 1781 069.jpg 23
2168 1701 070.jpg 3
1909 1817 071.jpg 23
1916 1988 072.jpg 25
1780 2109 073.jpg 32
2050 2009 074.jpg 33
1955 2147 075.jpg 31
1844 2186 076.jpg 32
2238 1427 077.jpg 27
2382 1485 078.jpg 25
2299 1511 079.jpg 2
2270 1540 080.jpg 23
1777 1778 081.jpg 21
2004 2135 082.jpg 21
1586 2195 083.jpg 20
1725 2130 084.jpg 18
1080 2335 085.jpg 26
1361 2336 086.jpg 27
1364 2272 087.jpg 24
1230 2306 088.jpg 23
1591 1667 089.jpg 22
1745 1759 090.jpg 23
1459 2324 091.jpg 21
1396 2124 092.jpg 21
1611 1448 093.jpg 24
1691 1546 094.jpg 27
1743 1464 095.jpg 25
1519 1604 096.jpg 27
2467 2330 097.jpg 31
2504 2330 098.jpg 36
2542 2343 099.jpg 31
2328 2322 100.jpg 31
2409 2423 101.jpg 38
2248 2469 102.jpg 27
1772 2505 103.jpg 31
1722 2508 104.jpg 35
2158 2490 105.jpg 35
2266 2529 106.jpg 33
1255 2444 107.jpg 29
1212 2391 108.jpg 28
2142 2466 109.jpg 22
1968 2487 110.jpg 20
2291 2527 111.jpg 27
2134 2516 112.jpg 23
1980 2356 113.jpg 28
2022 2398 114.jpg 31
1762 2515 115.jpg 25
1708 2512 116.jpg 25
1722 2266 117.jpg 30
1862 2286 118.jpg 33
2019 2493 119.jpg 26
2083 2454 120.jpg 26
2375 2250 121.jpg 25
2194 2490 122.jpg 25
1616 2458 123.jpg 29
1601 2473 124.jpg 31
1299 1665 125.jpg 19
1295 1665 126.jpg 21
674 1513 127.jpg 19
1161 1631 128.jpg 21
1507 1615 129.jpg 20
1431 1657 130.jpg 20
1123 1563 131.jpg 17
1035 1589 132.jpg 19
1083 1577 133.jpg 11
1131 1633 134.jpg 17
1676 2480 135.jpg 27
1747 2475 136.jpg 26
1551 2437 137.jpg 23
1858 2397 138.jpg 24
1433 2417 139.jpg 24
1555 2322 140.jpg 26
2112 2487 141.jpg 28
2076 2487 142.jpg 32
2229 2455 143.jpg 24
2205 2391 144.jpg 25
1543 2490 145.jpg 24
1720 2467 146.jpg 24
1662 2344 147.jpg 27
1467 2355 148.jpg 26
2176 2311 149.jpg 22
2054 2333 150.jpg 23
3355 2456 151.jpg 35
3123 2511 152.jpg 27
3428 2389 153.jpg 37
2010 2333 154.jpg 29
3300 2317 155.jpg 75
2713 2478 156.jpg 36
3090 2411 157.jpg 37
3223 2334 158.jpg 32
2641 2217 159.jpg 44
2940 2212 160.jpg 45
2901 2495 161.jpg 44
2885 2362 162.jpg 50
2635 2345 163.jpg 43
2547 2261 164.jpg 34
2746 2007 165.jpg 48
2896 2428 166.jpg 50
2757 2455 167.jpg 42
2431 2295 168.jpg 37
3134 2401 169.jpg 43
2347 2317 170.jpg 59
2929 2317 171.jpg 38
2724 1956 172.jpg 30
2719 2306 173.jpg 41
2431 2245 174.jpg 34
2869 2378 175.jpg 43
2624 2528 176.jpg 44
2348 2478 177.jpg 32
2099 2466 178.jpg 36
2044 2273 179.jpg 33
2027 2322 180.jpg 2
2735 2217 181.jpg 37
3252 2223 182.jpg 47
3404 2373 183.jpg 40
3322 2248 184.jpg 31
3215 2424 185.jpg 30
3284 2311 186.jpg 40
3365 2399 187.jpg 30
3152 2122 188.jpg 31
1894 2289 189.jpg 36
1893 2502 190.jpg 41
1179 2214 191.jpg 25
651 2319 192.jpg 32
1998 2379 193.jpg 36
1254 2121 194.jpg 38
2217 2319 195.jpg 35
2808 2428 196.jpg 38
1689 1911 197.jpg 36
2139 2405 198.jpg 34
1017 2214 199.jpg 40
1151 2159 200.jpg 47
