1956 2503 201.jpg 27 44 1 2816 3604 38 38
1956 2503 201.jpg 27 26 2 1448 1853 20 21
1956 2503 201.jpg 27 34 1 2621 3354 36 39
1956 2503 201.jpg 27 10 1 2151 2753 29 31
1956 2503 201.jpg 27 50 1 2934 3754 40 43
1956 2503 201.jpg 27 17 2 1624 2078 23 24
1956 2503 201.jpg 27 34 1 2621 3354 36 39
1956 2503 201.jpg 27 67 2 645 826 9 10
1956 2503 201.jpg 27 23 1 2405 3078 33 34
1956 2503 201.jpg 27 61 1 3149 4029 43 47
1832 2503 202.jpg 24 64 1 3004 4104 39 47
1832 2503 202.jpg 24 65 2 642 877 9 10
1832 2503 202.jpg 24 43 1 2620 3579 34 35
1832 2503 202.jpg 24 43 2 1044 1427 14 15
1832 2503 202.jpg 24 23 2 1411 1928 19 22
1832 2503 202.jpg 24 33 1 2436 3328 31 37
1832 2503 202.jpg 24 10 2 1649 2253 22 26
1832 2503 202.jpg 24 65 1 3022 4129 39 46
1832 2503 202.jpg 24 55 1 2839 3879 37 38
1832 2503 202.jpg 24 69 1 3096 4230 40 50
2220 2524 203.jpg 31 64 2 800 909 12 13
2220 2524 203.jpg 31 49 1 3307 3760 46 57
2220 2524 203.jpg 31 32 1 2930 3331 40 52
2220 2524 203.jpg 31 13 1 2508 2852 35 45
2220 2524 203.jpg 31 28 1 2841 3230 39 50
2220 2524 203.jpg 31 48 2 1155 1313 17 17
2220 2524 203.jpg 31 31 1 2908 3306 40 40
2220 2524 203.jpg 31 23 1 2730 3104 38 47
2220 2524 203.jpg 31 11 2 1976 2247 28 34
2220 2524 203.jpg 31 50 1 3330 3786 46 46
2453 2518 204.jpg 31 26 1 3090 3172 39 45
2453 2518 204.jpg 31 38 1 3384 3474 42 48
2453 2518 204.jpg 31 24 2 1865 1914 24 27
2453 2518 204.jpg 31 60 1 3924 4028 49 49
2453 2518 204.jpg 31 44 2 1375 1411 18 18
2453 2518 204.jpg 31 27 2 1792 1839 23 25
2453 2518 204.jpg 31 53 2 1153 1184 15 16
2453 2518 204.jpg 31 55 2 1105 1134 14 15
2453 2518 204.jpg 31 43 2 1399 1436 18 19
2453 2518 204.jpg 31 37 1 3360 3449 42 41
1956 2513 205.jpg 21 24 1 2425 3116 26 27
1956 2513 205.jpg 21 48 1 2895 3719 31 31
1956 2513 205.jpg 21 68 2 627 805 7 8
1956 2513 205.jpg 21 36 2 1252 1609 14 15
1956 2513 205.jpg 21 67 1 3266 4196 35 36
1956 2513 205.jpg 21 64 1 3208 4121 34 34
1956 2513 205.jpg 21 47 1 2875 3694 30 35
1956 2513 205.jpg 21 14 2 1683 2162 19 19
1956 2513 205.jpg 21 63 2 724 930 8 9
1956 2513 205.jpg 21 43 2 1115 1433 12 13
2070 2513 206.jpg 24 12 2 1822 2212 22 21
2070 2513 206.jpg 24 56 1 3229 3920 37 37
2070 2513 206.jpg 24 31 2 1428 1734 17 17
2070 2513 206.jpg 24 66 2 704 855 9 8
2070 2513 206.jpg 24 12 2 1822 2212 22 21
2070 2513 206.jpg 24 57 1 3250 3945 37 37
2070 2513 206.jpg 24 53 1 3166 3844 36 36
2070 2513 206.jpg 24 66 2 704 855 9 8
2070 2513 206.jpg 24 26 2 1532 1860 18 18
2070 2513 206.jpg 24 27 1 2628 3191 30 30
1894 2524 207.jpg 17 59 1 3011 4013 27 30
1894 2524 207.jpg 17 38 2 1174 1565 11 11
1894 2524 207.jpg 17 32 2 1288 1717 12 13
1894 2524 207.jpg 17 65 2 663 884 6 7
1894 2524 207.jpg 17 13 1 2140 2852 19 20
1894 2524 207.jpg 17 59 1 3011 4013 27 30
1894 2524 207.jpg 17 53 1 2897 3861 26 28
1894 2524 207.jpg 17 27 2 1383 1843 13 13
1894 2524 207.jpg 17 33 2 1270 1692 12 12
1894 2524 207.jpg 17 51 1 2860 3811 25 28
2003 2524 208.jpg 19 34 2 1322 1666 13 14
2003 2524 208.jpg 19 52 2 962 1212 10 10
2003 2524 208.jpg 19 17 2 1663 2095 16 17
2003 2524 208.jpg 19 54 2 922 1162 9 10
2003 2524 208.jpg 19 48 1 2964 3735 28 32
2003 2524 208.jpg 19 28 2 1443 1818 14 15
2003 2524 208.jpg 19 16 1 2323 2927 22 22
2003 2524 208.jpg 19 62 2 762 960 8 9
2003 2524 208.jpg 19 37 1 2743 3457 26 29
2003 2524 208.jpg 19 12 2 1763 2222 17 23
2205 2524 209.jpg 22 32 2 1500 1717 15 18
2205 2524 209.jpg 22 44 2 1235 1414 13 13
2205 2524 209.jpg 22 64 1 3616 4139 36 39
2205 2524 209.jpg 22 19 1 2623 3003 26 34
2205 2524 209.jpg 22 17 2 1830 2095 19 24
2205 2524 209.jpg 22 38 1 3043 3483 30 31
2205 2524 209.jpg 22 68 2 706 808 8 8
2205 2524 209.jpg 22 46 1 3219 3685 32 33
2205 2524 209.jpg 22 53 1 3373 3861 33 44
2205 2524 209.jpg 22 58 2 927 1061 10 11
2241 2529 210.jpg 23 64 2 807 911 9 9
2241 2529 210.jpg 23 39 2 1367 1543 15 16
2241 2529 210.jpg 23 40 2 1345 1518 14 17
2241 2529 210.jpg 23 40 1 3137 3540 32 34
2241 2529 210.jpg 23 26 2 1659 1872 18 21
2241 2529 210.jpg 23 34 1 3002 3388 30 37
2241 2529 210.jpg 23 10 2 2018 2277 21 25
2241 2529 210.jpg 23 39 1 3115 3515 31 37
2241 2529 210.jpg 23 19 2 1816 2049 19 22
2241 2529 210.jpg 23 25 1 2801 3161 28 32
2091 2529 211.jpg 25 40 2 1255 1518 15 15
2091 2529 211.jpg 25 45 1 3032 3667 36 34
2091 2529 211.jpg 25 35 2 1359 1644 17 16
2091 2529 211.jpg 25 40 2 1255 1518 15 15
2091 2529 211.jpg 25 13 2 1820 2201 22 22
2091 2529 211.jpg 25 63 1 3408 4122 40 40
2091 2529 211.jpg 25 51 1 3157 3818 37 36
2091 2529 211.jpg 25 28 2 1506 1821 18 18
2091 2529 211.jpg 25 52 1 3178 3844 38 35
2091 2529 211.jpg 25 66 1 3471 4198 41 39
2293 2524 212.jpg 26 21 1 2774 3054 31 36
2293 2524 212.jpg 26 26 2 1697 1868 20 19
2293 2524 212.jpg 26 60 1 3668 4038 41 39
2293 2524 212.jpg 26 25 1 2866 3155 32 31
2293 2524 212.jpg 26 33 2 1537 1692 18 17
2293 2524 212.jpg 26 50 2 1147 1262 13 13
2293 2524 212.jpg 26 14 2 1972 2171 23 22
2293 2524 212.jpg 26 49 1 3416 3760 38 36
2293 2524 212.jpg 26 42 2 1330 1464 16 15
2293 2524 212.jpg 26 68 2 734 808 9 9
2210 2472 213.jpg 46 22 1 2695 3015 56 56
2210 2472 213.jpg 46 15 1 2541 2842 52 51
2210 2472 213.jpg 46 67 1 3690 4128 76 74
2210 2472 213.jpg 46 66 2 752 841 16 15
2210 2472 213.jpg 46 58 2 929 1039 20 19
2210 2472 213.jpg 46 44 2 1238 1385 26 25
2210 2472 213.jpg 46 27 1 2806 3139 58 57
2210 2472 213.jpg 46 29 1 2850 3188 59 59
2210 2472 213.jpg 46 45 2 1216 1360 26 25
2210 2472 213.jpg 46 29 1 2850 3188 59 59
2676 2456 214.jpg 47 10 2 2409 2211 43 44
2676 2456 214.jpg 47 51 1 4040 3708 70 69
2676 2456 214.jpg 47 26 2 1981 1818 35 35
2676 2456 214.jpg 47 32 1 3531 3241 62 60
2676 2456 214.jpg 47 45 1 3880 3561 68 68
2676 2456 214.jpg 47 17 1 3130 2873 54 55
2676 2456 214.jpg 47 69 1 4522 4150 79 77
2676 2456 214.jpg 47 27 2 1954 1793 35 34
2676 2456 214.jpg 47 18 1 3158 2898 55 57
2676 2456 214.jpg 47 48 1 3960 3634 69 67
1987 2425 215.jpg 26 47 2 1054 1286 14 15
1987 2425 215.jpg 26 43 1 2841 3467 37 41
1987 2425 215.jpg 26 46 2 1073 1310 15 15
1987 2425 215.jpg 26 35 1 2682 3273 35 39
1987 2425 215.jpg 26 52 2 954 1164 13 14
1987 2425 215.jpg 26 50 2 994 1213 13 14
1987 2425 215.jpg 26 40 1 2782 3395 36 39
1987 2425 215.jpg 26 27 2 1451 1771 19 21
1987 2425 215.jpg 26 28 2 1431 1746 19 21
1987 2425 215.jpg 26 37 2 1252 1528 17 17
2490 2487 216.jpg 30 25 1 3112 3108 37 37
2490 2487 216.jpg 30 30 2 1743 1741 21 22
2490 2487 216.jpg 30 49 1 3709 3705 44 1
2490 2487 216.jpg 30 59 1 3959 3954 47 47
2490 2487 216.jpg 30 10 2 2242 2239 27 27
2490 2487 216.jpg 30 11 2 2217 2214 27 27
2490 2487 216.jpg 30 25 1 3112 3108 37 37
2490 2487 216.jpg 30 58 2 1046 1045 13 13
2490 2487 216.jpg 30 64 2 897 896 11 11
2490 2487 216.jpg 30 37 2 1569 1567 19 19
1221 2493 217.jpg 27 65 1 2014 4113 44 44
1221 2493 217.jpg 27 28 2 879 1795 20 20
1221 2493 217.jpg 27 25 2 916 1870 21 20
1221 2493 217.jpg 27 68 2 391 798 9 9
1221 2493 217.jpg 27 36 2 782 1596 18 17
1221 2493 217.jpg 27 45 1 1770 3614 39 40
1221 2493 217.jpg 27 13 1 1380 2817 30 31
1221 2493 217.jpg 27 53 1 1868 3814 41 41
1221 2493 217.jpg 27 17 1 1428 2916 31 33
1221 2493 217.jpg 27 45 1 1770 3614 39 40
1252 2529 218.jpg 26 31 2 864 1746 18 18
1252 2529 218.jpg 26 19 1 1490 3009 30 31
1252 2529 218.jpg 26 61 2 489 987 11 10
1252 2529 218.jpg 26 53 1 1915 3869 39 37
1252 2529 218.jpg 26 38 2 776 1568 17 16
1252 2529 218.jpg 26 45 1 1815 3667 37 40
1252 2529 218.jpg 26 35 1 1690 3414 35 33
1252 2529 218.jpg 26 41 2 739 1493 16 15
1252 2529 218.jpg 26 46 2 676 1366 15 14
1252 2529 218.jpg 26 35 1 1690 3414 35 33
2132 2529 219.jpg 30 55 2 960 1139 14 14
2132 2529 219.jpg 30 35 2 1386 1644 20 19
2132 2529 219.jpg 30 47 1 3134 3717 44 6
2132 2529 219.jpg 30 45 1 3091 3667 43 43
2132 2529 219.jpg 30 13 1 2409 2857 33 34
2132 2529 219.jpg 30 58 2 896 1063 13 13
2132 2529 219.jpg 30 65 1 3517 4172 49 49
2132 2529 219.jpg 30 39 1 2963 3515 41 41
2132 2529 219.jpg 30 42 2 1237 1467 18 18
2132 2529 219.jpg 30 45 1 3091 3667 43 43
2381 2529 220.jpg 29 16 2 2001 2125 25 25
2381 2529 220.jpg 29 24 1 2952 3135 35 36
2381 2529 220.jpg 29 36 1 3238 3439 39 40
2381 2529 220.jpg 29 49 1 3547 3768 43 44
2381 2529 220.jpg 29 68 1 3999 4248 48 49
2381 2529 220.jpg 29 10 2 2144 2277 27 26
2381 2529 220.jpg 29 45 1 3452 3667 42 42
2381 2529 220.jpg 29 45 2 1310 1391 16 17
2381 2529 220.jpg 29 65 2 834 886 11 11
2381 2529 220.jpg 29 16 2 2001 2125 25 25
2360 2503 221.jpg 27 20 2 1889 2003 22 22
2360 2503 221.jpg 27 53 1 3610 3829 41 45
2360 2503 221.jpg 27 46 1 3445 3654 39 43
2360 2503 221.jpg 27 15 1 2714 2878 31 33
2360 2503 221.jpg 27 26 2 1747 1853 20 22
2360 2503 221.jpg 27 38 2 1463 1552 17 19
2360 2503 221.jpg 27 11 1 2619 2778 29 30
2360 2503 221.jpg 27 60 2 945 1002 11 12
2360 2503 221.jpg 27 16 2 1983 2103 23 24
2360 2503 221.jpg 27 40 2 1416 1502 17 16
2220 2477 222.jpg 31 69 2 688 768 10 10
2220 2477 222.jpg 31 56 1 3463 3864 48 48
2220 2477 222.jpg 31 51 1 3352 3740 46 46
2220 2477 222.jpg 31 58 2 933 1041 14 13
2220 2477 222.jpg 31 51 1 3352 3740 46 46
2220 2477 222.jpg 31 35 1 2996 3343 41 41
2220 2477 222.jpg 31 60 2 888 991 13 12
2220 2477 222.jpg 31 17 2 1843 2056 26 25
2220 2477 222.jpg 31 16 1 2575 2873 35 36
2220 2477 222.jpg 31 25 2 1665 1858 24 23
3652 2496 223.jpg 23 37 2 2302 1573 15 14
3652 2496 223.jpg 23 69 2 1132 774 8 7
3652 2496 223.jpg 23 24 1 4528 3095 28 30
3652 2496 223.jpg 23 37 1 5002 3419 31 33
3652 2496 223.jpg 23 21 1 4419 3020 27 29
3652 2496 223.jpg 23 68 1 6135 4193 38 41
3652 2496 223.jpg 23 58 2 1535 1049 10 9
3652 2496 223.jpg 23 49 1 5441 3719 34 36
3652 2496 223.jpg 23 19 1 4346 2970 27 26
3652 2496 223.jpg 23 27 1 4637 3169 29 27
4496 2496 224.jpg 28 22 1 5485 3045 34 35
4496 2496 224.jpg 28 55 1 6967 3868 43 42
4496 2496 224.jpg 28 38 1 6204 3444 38 39
4496 2496 224.jpg 28 50 1 6744 3744 42 45
4496 2496 224.jpg 28 62 2 1709 949 11 10
4496 2496 224.jpg 28 34 1 6023 3344 37 38
4496 2496 224.jpg 28 36 1 6114 3394 38 2
4496 2496 224.jpg 28 20 2 3597 1997 23 23
4496 2496 224.jpg 28 56 2 1980 1099 13 12
4496 2496 224.jpg 28 48 1 6654 3694 41 43
1770 2503 225.jpg 29 19 1 2106 2978 34 35
1770 2503 225.jpg 29 49 2 903 1277 15 15
1770 2503 225.jpg 29 38 1 2443 3454 40 41
1770 2503 225.jpg 29 56 2 779 1102 13 13
1770 2503 225.jpg 29 56 2 779 1102 13 13
1770 2503 225.jpg 29 45 2 974 1377 16 16
1770 2503 225.jpg 29 42 2 1027 1452 17 17
1770 2503 225.jpg 29 50 1 2655 3754 43 45
1770 2503 225.jpg 29 58 2 744 1052 13 12
1770 2503 225.jpg 29 65 1 2920 4129 47 50
2107 2503 226.jpg 33 59 2 865 1027 14 14
2107 2503 226.jpg 33 14 2 1812 2153 29 29
2107 2503 226.jpg 33 61 1 3392 4029 53 52
2107 2503 226.jpg 33 17 2 1749 2078 28 29
2107 2503 226.jpg 33 29 1 2717 3228 42 43
2107 2503 226.jpg 33 59 2 865 1027 14 14
2107 2503 226.jpg 33 30 2 1476 1753 24 24
2107 2503 226.jpg 33 17 2 1749 2078 28 29
2107 2503 226.jpg 33 63 1 3434 4079 53 53
2107 2503 226.jpg 33 37 1 2886 3429 45 45
2148 2503 227.jpg 27 43 1 3071 3579 38 38
2148 2503 227.jpg 27 68 2 687 801 9 9
2148 2503 227.jpg 27 11 1 2384 2778 29 30
2148 2503 227.jpg 27 10 2 1933 2253 25 28
2148 2503 227.jpg 27 16 2 1805 2103 23 26
2148 2503 227.jpg 27 47 1 3157 3679 39 39
2148 2503 227.jpg 27 23 1 2641 3078 33 33
2148 2503 227.jpg 27 53 1 3286 3829 41 46
2148 2503 227.jpg 27 54 2 989 1152 13 14
2148 2503 227.jpg 27 42 1 3050 3554 38 38
2826 2503 228.jpg 32 44 1 4069 3604 46 44
2826 2503 228.jpg 32 36 1 3843 3404 43 42
2826 2503 228.jpg 32 12 1 3165 2803 35 35
2826 2503 228.jpg 32 64 2 1018 902 12 12
2826 2503 228.jpg 32 62 1 4577 4054 51 50
2826 2503 228.jpg 32 42 2 1639 1452 19 18
2826 2503 228.jpg 32 68 1 4748 4205 53 51
2826 2503 228.jpg 32 12 1 3165 2803 35 35
2826 2503 228.jpg 32 57 2 1216 1077 14 14
2826 2503 228.jpg 32 57 1 4436 3929 50 48
1703 2503 229.jpg 20 20 1 2043 3003 24 25
1703 2503 229.jpg 20 43 2 971 1427 12 12
1703 2503 229.jpg 20 43 2 971 1427 12 12
1703 2503 229.jpg 20 66 1 2826 4154 33 34
1703 2503 229.jpg 20 60 2 682 1002 8 8
1703 2503 229.jpg 20 10 1 1873 2753 22 23
1703 2503 229.jpg 20 38 1 2350 3454 27 29
1703 2503 229.jpg 20 35 2 1107 1627 13 13
1703 2503 229.jpg 20 55 1 2639 3879 31 31
1703 2503 229.jpg 20 19 1 2026 2978 23 25
2029 2503 230.jpg 23 61 2 792 977 9 9
2029 2503 230.jpg 23 64 2 731 902 9 8
2029 2503 230.jpg 23 52 2 974 1202 12 11
2029 2503 230.jpg 23 47 2 1076 1327 13 12
2029 2503 230.jpg 23 50 2 1015 1252 12 11
2029 2503 230.jpg 23 30 2 1421 1753 17 16
2029 2503 230.jpg 23 51 2 995 1227 12 11
2029 2503 230.jpg 23 13 1 2292 2828 25 24
2029 2503 230.jpg 23 66 2 691 852 8 8
2029 2503 230.jpg 23 47 2 1076 1327 13 12
1905 2503 231.jpg 30 20 1 2286 3003 36 36
1905 2503 231.jpg 30 23 2 1467 1928 24 24
1905 2503 231.jpg 30 18 2 1563 2053 25 25
1905 2503 231.jpg 30 45 1 2762 3629 43 43
1905 2503 231.jpg 30 22 2 1486 1953 24 24
1905 2503 231.jpg 30 52 1 2895 3804 45 46
1905 2503 231.jpg 30 14 1 2171 2853 34 35
1905 2503 231.jpg 30 12 2 1677 2203 27 26
1905 2503 231.jpg 30 18 1 2247 2953 35 36
1905 2503 231.jpg 30 42 2 1105 1452 18 18
2060 2503 232.jpg 30 61 2 804 977 12 12
2060 2503 232.jpg 30 23 1 2533 3078 36 36
2060 2503 232.jpg 30 42 1 2925 3554 42 42
2060 2503 232.jpg 30 67 2 680 826 10 10
2060 2503 232.jpg 30 51 2 1010 1227 15 15
2060 2503 232.jpg 30 68 1 3461 4205 50 51
2060 2503 232.jpg 30 46 2 1113 1352 17 16
2060 2503 232.jpg 30 14 1 2348 2853 34 34
2060 2503 232.jpg 30 28 2 1484 1803 22 21
2060 2503 232.jpg 30 25 2 1546 1878 23 22
1470 2513 233.jpg 25 67 2 486 830 9 9
1470 2513 233.jpg 25 54 2 676 1156 12 14
1470 2513 233.jpg 25 39 1 2043 3493 34 45
1470 2513 233.jpg 25 22 2 1147 1961 20 19
1470 2513 233.jpg 25 20 1 1764 3015 30 37
1470 2513 233.jpg 25 59 2 603 1031 11 13
1470 2513 233.jpg 25 67 2 486 830 9 9
1470 2513 233.jpg 25 29 2 1044 1785 18 18
1470 2513 233.jpg 25 22 2 1147 1961 20 19
1470 2513 233.jpg 25 11 1 1631 2789 27 7
1620 2513 234.jpg 29 37 1 2219 3442 39 41
1620 2513 234.jpg 29 27 2 1183 1835 22 21
1620 2513 234.jpg 29 15 2 1378 2137 25 26
1620 2513 234.jpg 29 26 1 2041 3166 36 38
1620 2513 234.jpg 29 11 1 1798 2789 32 30
1620 2513 234.jpg 29 22 2 1264 1961 23 22
1620 2513 234.jpg 29 69 2 503 780 9 10
1620 2513 234.jpg 29 13 2 1410 2187 26 25
1620 2513 234.jpg 29 56 1 2527 3920 45 46
1620 2513 234.jpg 29 43 2 924 1433 17 18
2308 2513 235.jpg 26 48 2 1200 1307 14 14
2308 2513 235.jpg 26 58 1 3646 3970 41 42
2308 2513 235.jpg 26 32 1 3046 3317 34 36
2308 2513 235.jpg 26 55 2 1039 1131 12 12
2308 2513 235.jpg 26 20 2 1847 2011 21 21
2308 2513 235.jpg 26 28 1 2954 3216 33 33
2308 2513 235.jpg 26 21 1 2792 3040 31 31
2308 2513 235.jpg 26 51 2 1131 1232 13 13
2308 2513 235.jpg 26 62 1 3739 4071 42 43
2308 2513 235.jpg 26 38 2 1432 1559 17 16
2231 2513 236.jpg 24 65 1 3681 4146 39 40
2231 2513 236.jpg 24 35 1 3011 3392 32 33
2231 2513 236.jpg 24 28 2 1607 1810 18 18
2231 2513 236.jpg 24 62 2 848 955 10 10
2231 2513 236.jpg 24 39 2 1361 1533 15 15
2231 2513 236.jpg 24 45 2 1228 1383 14 14
2231 2513 236.jpg 24 61 2 871 981 10 10
2231 2513 236.jpg 24 49 2 1138 1282 13 13
2231 2513 236.jpg 24 32 2 1517 1709 17 17
2231 2513 236.jpg 24 44 2 1250 1408 14 14
2433 2513 237.jpg 28 28 1 3114 3216 35 37
2433 2513 237.jpg 28 32 2 1655 1709 20 20
2433 2513 237.jpg 28 45 1 3527 3643 40 44
2433 2513 237.jpg 28 68 2 779 805 9 10
2433 2513 237.jpg 28 21 2 1923 1986 23 23
2433 2513 237.jpg 28 41 1 3430 3543 39 40
2433 2513 237.jpg 28 23 2 1874 1936 22 22
2433 2513 237.jpg 28 28 1 3114 3216 35 37
2433 2513 237.jpg 28 25 1 3041 3141 35 36
2433 2513 237.jpg 28 27 2 1777 1835 21 21
2717 2513 238.jpg 30 46 2 1468 1358 17 17
2717 2513 238.jpg 30 61 2 1061 981 12 14
2717 2513 238.jpg 30 46 2 1468 1358 17 17
2717 2513 238.jpg 30 53 2 1278 1182 15 17
2717 2513 238.jpg 30 54 2 1250 1156 14 15
2717 2513 238.jpg 30 40 2 1630 1508 18 19
2717 2513 238.jpg 30 62 1 4401 4071 48 49
2717 2513 238.jpg 30 59 1 4319 3995 47 48
2717 2513 238.jpg 30 27 1 3450 3191 38 38
2717 2513 238.jpg 30 65 1 4483 4146 49 64
2350 2513 239.jpg 26 12 2 2069 2212 23 23
2350 2513 239.jpg 26 30 1 3054 3266 33 34
2350 2513 239.jpg 26 22 1 2866 3065 31 32
2350 2513 239.jpg 26 41 2 1387 1483 16 16
2350 2513 239.jpg 26 33 2 1575 1684 18 18
2350 2513 239.jpg 26 60 2 941 1006 11 11
2350 2513 239.jpg 26 40 2 1410 1508 16 16
2350 2513 239.jpg 26 39 1 3266 3493 36 36
2350 2513 239.jpg 26 61 1 3783 4045 41 43
2350 2513 239.jpg 26 11 2 2092 2237 24 23
2733 2482 240.jpg 34 42 2 1586 1440 20 19
2733 2482 240.jpg 34 54 2 1257 1142 16 15
2733 2482 240.jpg 34 50 1 4100 3723 51 50
2733 2482 240.jpg 34 18 1 3224 2928 40 40
2733 2482 240.jpg 34 68 1 4591 4169 57 59
2733 2482 240.jpg 34 27 1 3471 3152 43 42
2733 2482 240.jpg 34 17 2 2269 2061 29 28
2733 2482 240.jpg 34 31 1 3580 3251 44 44
2733 2482 240.jpg 34 25 1 3416 3102 42 45
2733 2482 240.jpg 34 21 1 3307 3003 41 41
1454 2508 241.jpg 18 55 1 2253 3887 27 28
1454 2508 241.jpg 18 69 2 451 778 6 7
1454 2508 241.jpg 18 39 1 2021 3486 25 25
1454 2508 241.jpg 18 35 1 1962 3385 24 25
1454 2508 241.jpg 18 41 2 858 1480 11 12
1454 2508 241.jpg 18 54 2 669 1154 9 10
1454 2508 241.jpg 18 67 1 2428 4188 30 31
1454 2508 241.jpg 18 23 2 1120 1932 14 15
1454 2508 241.jpg 18 24 2 1106 1907 14 15
1454 2508 241.jpg 18 42 1 2064 3561 25 29
1641 2534 242.jpg 25 42 2 952 1470 15 13
1641 2534 242.jpg 25 32 1 2166 3344 33 28
1641 2534 242.jpg 25 34 1 2199 3395 33 28
1641 2534 242.jpg 25 22 2 1280 1977 20 18
1641 2534 242.jpg 25 38 2 1018 1572 16 14
1641 2534 242.jpg 25 35 1 2215 3420 33 29
1641 2534 242.jpg 25 56 1 2560 3953 39 39
1641 2534 242.jpg 25 69 2 509 786 8 8
1641 2534 242.jpg 25 61 2 640 989 10 9
1641 2534 242.jpg 25 36 2 1050 1622 16 13
2443 2534 243.jpg 32 69 1 4128 4282 54 55
2443 2534 243.jpg 32 21 2 1930 2002 26 26
2443 2534 243.jpg 32 15 2 2077 2154 28 28
2443 2534 243.jpg 32 46 1 3566 3699 46 48
2443 2534 243.jpg 32 58 1 3859 4003 50 51
2443 2534 243.jpg 32 41 1 3444 3572 45 44
2443 2534 243.jpg 32 16 2 2053 2129 27 26
2443 2534 243.jpg 32 68 1 4104 4257 53 51
2443 2534 243.jpg 32 63 1 3982 4130 52 50
2443 2534 243.jpg 32 20 2 1955 2028 26 25
2552 2534 244.jpg 30 10 1 2807 2787 33 33
2552 2534 244.jpg 30 27 2 1863 1850 22 22
2552 2534 244.jpg 30 61 2 996 989 12 12
2552 2534 244.jpg 30 21 2 2016 2002 24 23
2552 2534 244.jpg 30 21 2 2016 2002 24 23
2552 2534 244.jpg 30 60 1 4083 4054 48 47
2552 2534 244.jpg 30 66 2 868 862 11 11
2552 2534 244.jpg 30 57 1 4006 3978 47 47
2552 2534 244.jpg 30 25 2 1915 1901 23 24
2552 2534 244.jpg 30 55 2 1149 1141 14 14
2013 2534 245.jpg 33 18 1 2375 2990 38 38
2013 2534 245.jpg 33 58 1 3180 4003 52 53
2013 2534 245.jpg 33 40 2 1208 1521 20 20
2013 2534 245.jpg 33 45 1 2919 3674 47 48
2013 2534 245.jpg 33 57 1 3160 3978 51 51
2013 2534 245.jpg 33 56 1 3140 3953 51 51
2013 2534 245.jpg 33 56 2 886 1115 15 14
2013 2534 245.jpg 33 69 2 624 786 11 10
2013 2534 245.jpg 33 36 1 2737 3446 44 45
2013 2534 245.jpg 33 34 2 1329 1673 22 21
2459 2534 246.jpg 34 12 2 2164 2230 30 32
2459 2534 246.jpg 34 64 2 886 913 13 13
2459 2534 246.jpg 34 60 1 3934 4054 54 57
2459 2534 246.jpg 34 28 2 1771 1825 25 25
2459 2534 246.jpg 34 56 1 3836 3953 53 56
2459 2534 246.jpg 34 25 1 3073 3167 42 45
2459 2534 246.jpg 34 17 2 2042 2104 29 29
2459 2534 246.jpg 34 63 2 910 938 13 13
2459 2534 246.jpg 34 45 1 3565 3674 49 51
2459 2534 246.jpg 34 15 1 2828 2914 39 41
1832 2503 247.jpg 42 10 2 1649 2253 38 38
1832 2503 247.jpg 42 10 2 1649 2253 38 38
1832 2503 247.jpg 42 12 2 1612 2203 37 36
1832 2503 247.jpg 42 61 2 715 977 17 16
1832 2503 247.jpg 42 62 2 697 952 16 16
1832 2503 247.jpg 42 34 2 1209 1652 28 28
1832 2503 247.jpg 42 60 1 2931 4004 67 68
1832 2503 247.jpg 42 32 1 2418 3303 55 55
1832 2503 247.jpg 42 29 1 2363 3228 54 54
1832 2503 247.jpg 42 25 2 1375 1878 32 32
2138 2503 248.jpg 43 44 2 1198 1402 25 24
2138 2503 248.jpg 43 68 2 684 801 14 14
2138 2503 248.jpg 43 27 1 2715 3178 54 57
2138 2503 248.jpg 43 24 2 1625 1903 33 33
2138 2503 248.jpg 43 18 1 2522 2953 50 53
2138 2503 248.jpg 43 63 2 792 927 16 16
2138 2503 248.jpg 43 47 1 3143 3679 63 66
2138 2503 248.jpg 43 34 2 1411 1652 29 29
2138 2503 248.jpg 43 34 2 1411 1652 29 29
2138 2503 248.jpg 43 37 2 1347 1577 28 28
978 2503 249.jpg 17 25 2 734 1878 13 13
978 2503 249.jpg 17 38 2 606 1552 11 11
978 2503 249.jpg 17 26 1 1232 3153 21 22
978 2503 249.jpg 17 58 2 411 1052 8 8
978 2503 249.jpg 17 58 1 1545 3954 26 28
978 2503 249.jpg 17 64 2 352 902 7 7
978 2503 249.jpg 17 34 2 645 1652 12 11
978 2503 249.jpg 17 39 1 1359 3479 23 22
978 2503 249.jpg 17 18 1 1154 2953 20 21
978 2503 249.jpg 17 29 2 695 1778 13 13
1133 2503 250.jpg 20 66 2 386 852 7 7
1133 2503 250.jpg 20 68 2 363 801 7 7
1133 2503 250.jpg 20 22 2 884 1953 16 17
1133 2503 250.jpg 20 51 2 555 1227 10 10
1133 2503 250.jpg 20 20 2 907 2003 16 16
1133 2503 250.jpg 20 57 2 488 1077 9 9
1133 2503 250.jpg 20 61 2 442 977 8 8
1133 2503 250.jpg 20 50 2 567 1252 10 11
1133 2503 250.jpg 20 30 2 794 1753 14 15
1133 2503 250.jpg 20 36 1 1541 3404 27 28
1925 2529 251.jpg 26 15 1 2213 2908 29 31
1925 2529 251.jpg 26 59 1 3061 4021 41 43
1925 2529 251.jpg 26 14 2 1656 2175 23 23
1925 2529 251.jpg 26 29 1 2483 3262 33 35
1925 2529 251.jpg 26 32 2 1309 1720 18 18
1925 2529 251.jpg 26 69 2 597 784 9 8
1925 2529 251.jpg 26 27 1 2444 3211 33 35
1925 2529 251.jpg 26 44 2 1079 1417 15 14
1925 2529 251.jpg 26 49 2 982 1290 14 14
1925 2529 251.jpg 26 32 2 1309 1720 18 18
2132 2524 252.jpg 25 44 1 3070 3634 36 35
2132 2524 252.jpg 25 20 2 1706 2020 20 20
2132 2524 252.jpg 25 30 2 1493 1767 18 18
2132 2524 252.jpg 25 48 1 3155 3735 37 41
2132 2524 252.jpg 25 18 2 1749 2070 21 21
2132 2524 252.jpg 25 15 2 1813 2146 22 22
2132 2524 252.jpg 25 30 1 2771 3281 32 35
2132 2524 252.jpg 25 30 1 2771 3281 32 35
2132 2524 252.jpg 25 15 1 2451 2902 28 30
2132 2524 252.jpg 25 44 2 1194 1414 14 15
890 2503 253.jpg 19 11 2 792 2228 17 17
890 2503 253.jpg 19 36 1 1210 3404 25 26
890 2503 253.jpg 19 24 1 1103 3103 23 25
890 2503 253.jpg 19 62 1 1441 4054 30 30
890 2503 253.jpg 19 63 1 1450 4079 30 30
890 2503 253.jpg 19 41 2 525 1477 12 12
890 2503 253.jpg 19 24 2 677 1903 15 15
890 2503 253.jpg 19 64 2 321 902 7 8
890 2503 253.jpg 19 41 1 1255 3529 26 26
890 2503 253.jpg 19 48 1 1317 3704 28 27
1071 2503 254.jpg 23 31 1 1403 3278 30 30
1071 2503 254.jpg 23 34 1 1435 3354 30 31
1071 2503 254.jpg 23 28 1 1371 3203 29 29
1071 2503 254.jpg 23 36 2 685 1602 15 15
1071 2503 254.jpg 23 41 1 1510 3529 32 33
1071 2503 254.jpg 23 10 2 964 2253 21 20
1071 2503 254.jpg 23 19 1 1274 2978 27 27
1071 2503 254.jpg 23 17 1 1253 2928 26 28
1071 2503 254.jpg 23 54 2 493 1152 11 11
1071 2503 254.jpg 23 52 1 1628 3804 34 34
1739 2513 255.jpg 34 33 2 1165 1684 23 23
1739 2513 255.jpg 34 43 1 2486 3593 48 48
1739 2513 255.jpg 34 47 2 922 1332 19 18
1739 2513 255.jpg 34 37 2 1096 1584 22 22
1739 2513 255.jpg 34 60 1 2782 4020 54 57
1739 2513 255.jpg 34 38 2 1079 1559 22 22
1739 2513 255.jpg 34 30 1 2260 3266 44 44
1739 2513 255.jpg 34 54 1 2678 3870 52 52
1739 2513 255.jpg 34 60 2 696 1006 14 14
1739 2513 255.jpg 34 69 2 540 780 11 11
2388 2496 256.jpg 36 55 2 1075 1124 17 16
2388 2496 256.jpg 36 20 1 2865 2995 43 43
2388 2496 256.jpg 36 68 2 764 799 12 12
2388 2496 256.jpg 36 29 2 1696 1773 26 26
2388 2496 256.jpg 36 26 1 3008 3144 45 46
2388 2496 256.jpg 36 51 2 1171 1224 18 18
2388 2496 256.jpg 36 27 1 3032 3169 45 45
2388 2496 256.jpg 36 48 1 3534 3694 53 53
2388 2496 256.jpg 36 48 1 3534 3694 53 53
2388 2496 256.jpg 36 58 2 1004 1049 16 15
1444 2462 257.jpg 24 25 2 1083 1847 18 19
1444 2462 257.jpg 24 18 2 1184 2019 20 21
1444 2462 257.jpg 24 17 1 1689 2880 28 28
1444 2462 257.jpg 24 50 1 2166 3693 36 36
1444 2462 257.jpg 24 32 2 982 1675 17 17
1444 2462 257.jpg 24 40 2 867 1478 15 15
1444 2462 257.jpg 24 28 1 1848 3151 30 31
1444 2462 257.jpg 24 26 1 1819 3102 30 31
1444 2462 257.jpg 24 42 2 838 1428 14 14
1444 2462 257.jpg 24 45 1 2093 3569 34 35
1490 2462 258.jpg 26 15 2 1267 2093 23 21
1490 2462 258.jpg 26 40 2 894 1478 16 15
1490 2462 258.jpg 26 13 1 1684 2782 29 30
1490 2462 258.jpg 26 64 1 2443 4037 42 42
1490 2462 258.jpg 26 16 2 1252 2069 22 21
1490 2462 258.jpg 26 67 2 492 813 9 8
1490 2462 258.jpg 26 67 2 492 813 9 8
1490 2462 258.jpg 26 24 2 1133 1872 20 19
1490 2462 258.jpg 26 58 2 626 1035 11 11
1490 2462 258.jpg 26 33 2 999 1650 18 17
1848 2508 259.jpg 41 63 2 684 928 16 15
1848 2508 259.jpg 41 49 1 2753 3736 61 60
1848 2508 259.jpg 41 20 2 1479 2007 33 33
1848 2508 259.jpg 41 30 2 1294 1756 29 29
1848 2508 259.jpg 41 42 1 2624 3561 58 60
1848 2508 259.jpg 41 37 2 1165 1581 26 26
1848 2508 259.jpg 41 25 1 2310 3135 51 51
1848 2508 259.jpg 41 33 2 1239 1681 28 28
1848 2508 259.jpg 41 17 1 2162 2934 47 49
1848 2508 259.jpg 41 23 2 1424 1932 32 32
1863 2513 260.jpg 37 37 1 2552 3442 50 53
1863 2513 260.jpg 37 12 1 2086 2814 41 44
1863 2513 260.jpg 37 64 1 3055 4121 60 64
1863 2513 260.jpg 37 20 2 1491 2011 30 30
1863 2513 260.jpg 37 38 2 1156 1559 23 25
1863 2513 260.jpg 37 31 1 2441 3292 48 52
1863 2513 260.jpg 37 53 1 2850 3844 56 65
1863 2513 260.jpg 37 50 1 2794 3769 55 64
1863 2513 260.jpg 37 11 1 2068 2789 41 44
1863 2513 260.jpg 37 51 1 2813 3794 55 59
2179 2513 261.jpg 31 50 1 3268 3769 46 48
2179 2513 261.jpg 31 19 2 1765 2036 26 26
2179 2513 261.jpg 31 65 1 3595 4146 51 50
2179 2513 261.jpg 31 19 2 1765 2036 26 26
2179 2513 261.jpg 31 20 1 2614 3015 37 37
2179 2513 261.jpg 31 35 1 2941 3392 41 43
2179 2513 261.jpg 31 49 2 1112 1282 16 16
2179 2513 261.jpg 31 22 2 1700 1961 25 24
2179 2513 261.jpg 31 51 1 3290 3794 46 45
2179 2513 261.jpg 31 22 2 1700 1961 25 24
2371 2503 262.jpg 31 27 1 3010 3178 39 41
2371 2503 262.jpg 31 11 2 2111 2228 28 28
2371 2503 262.jpg 31 21 1 2868 3028 37 46
2371 2503 262.jpg 31 34 1 3177 3354 41 43
2371 2503 262.jpg 31 66 2 807 852 11 13
2371 2503 262.jpg 31 60 1 3793 4004 49 52
2371 2503 262.jpg 31 25 2 1779 1878 24 28
2371 2503 262.jpg 31 16 1 2750 2903 35 36
2371 2503 262.jpg 31 45 2 1304 1377 18 20
2371 2503 262.jpg 31 36 2 1518 1602 20 21
2443 2503 263.jpg 45 39 1 3396 3479 62 64
2443 2503 263.jpg 45 53 2 1149 1177 22 23
2443 2503 263.jpg 45 26 2 1809 1853 34 37
2443 2503 263.jpg 45 40 1 3420 3504 63 53
2443 2503 263.jpg 45 44 1 3518 3604 64 66
2443 2503 263.jpg 45 21 1 2955 3028 54 59
2443 2503 263.jpg 45 59 2 1002 1027 19 21
2443 2503 263.jpg 45 57 1 3835 3929 70 79
2443 2503 263.jpg 45 17 2 2028 2078 38 39
2443 2503 263.jpg 45 36 1 3322 3404 61 56
2629 2503 264.jpg 43 26 1 3312 3153 54 54
2629 2503 264.jpg 43 67 1 4390 4180 71 71
2629 2503 264.jpg 43 16 2 2209 2103 37 36
2629 2503 264.jpg 43 28 1 3364 3203 55 56
2629 2503 264.jpg 43 16 1 3049 2903 49 55
2629 2503 264.jpg 43 15 1 3023 2878 49 7
2629 2503 264.jpg 43 67 2 868 826 15 14
2629 2503 264.jpg 43 40 2 1578 1502 26 27
2629 2503 264.jpg 43 42 2 1525 1452 25 25
2629 2503 264.jpg 43 32 2 1789 1703 30 31
1542 2503 265.jpg 28 45 1 2236 3629 40 39
1542 2503 265.jpg 28 33 2 1034 1678 19 19
1542 2503 265.jpg 28 28 1 1973 3203 35 34
1542 2503 265.jpg 28 61 1 2482 4029 45 47
1542 2503 265.jpg 28 59 1 2451 3979 44 44
1542 2503 265.jpg 28 37 1 2112 3429 38 37
1542 2503 265.jpg 28 44 2 864 1402 16 16
1542 2503 265.jpg 28 41 2 910 1477 17 17
1542 2503 265.jpg 28 23 2 1188 1928 22 21
1542 2503 265.jpg 28 59 2 633 1027 12 12
1765 2508 266.jpg 29 52 1 2683 3812 44 45
1765 2508 266.jpg 29 66 1 2930 4163 48 49
1765 2508 266.jpg 29 22 1 2153 3059 35 36
1765 2508 266.jpg 29 48 2 918 1305 16 15
1765 2508 266.jpg 29 53 1 2700 3837 44 45
1765 2508 266.jpg 29 32 1 2329 3310 38 39
1765 2508 266.jpg 29 64 1 2895 4113 47 49
1765 2508 266.jpg 29 54 2 812 1154 14 14
1765 2508 266.jpg 29 44 2 989 1405 17 16
1765 2508 266.jpg 29 42 2 1024 1455 17 17
1656 2508 267.jpg 27 36 2 1060 1606 18 18
1656 2508 267.jpg 27 48 2 862 1305 15 15
1656 2508 267.jpg 27 19 2 1342 2032 22 22
1656 2508 267.jpg 27 24 2 1259 1907 21 21
1656 2508 267.jpg 27 29 1 2136 3235 34 34
1656 2508 267.jpg 27 12 1 1854 2808 30 29
1656 2508 267.jpg 27 14 1 1888 2859 30 31
1656 2508 267.jpg 27 27 2 1209 1831 20 20
1656 2508 267.jpg 27 64 2 596 903 10 10
1656 2508 267.jpg 27 51 1 2501 3787 40 42
2283 2508 268.jpg 29 39 1 3173 3486 40 42
2283 2508 268.jpg 29 10 2 2055 2258 27 28
2283 2508 268.jpg 29 38 2 1415 1555 18 18
2283 2508 268.jpg 29 44 1 3287 3611 41 40
2283 2508 268.jpg 29 67 2 754 828 10 10
2283 2508 268.jpg 29 11 1 2533 2783 32 33
2283 2508 268.jpg 29 48 1 3378 3711 42 45
2283 2508 268.jpg 29 51 2 1119 1229 15 15
2283 2508 268.jpg 29 41 2 1347 1480 18 17
2283 2508 268.jpg 29 44 1 3287 3611 41 40
1361 2508 269.jpg 26 31 1 1783 3285 34 34
1361 2508 269.jpg 26 24 2 1035 1907 20 19
1361 2508 269.jpg 26 36 1 1850 3410 35 36
1361 2508 269.jpg 26 20 2 1089 2007 21 21
1361 2508 269.jpg 26 62 1 2204 4062 42 43
1361 2508 269.jpg 26 49 2 695 1280 14 13
1361 2508 269.jpg 26 37 1 1864 3435 35 34
1361 2508 269.jpg 26 34 1 1823 3360 34 33
1361 2508 269.jpg 26 39 1 1892 3486 36 36
1361 2508 269.jpg 26 52 2 653 1204 13 12
1604 2508 270.jpg 26 40 2 963 1505 16 16
1604 2508 270.jpg 26 66 2 546 853 9 9
1604 2508 270.jpg 26 66 2 546 853 9 9
1604 2508 270.jpg 26 33 1 2133 3335 34 37
1604 2508 270.jpg 26 31 1 2101 3285 34 33
1604 2508 270.jpg 26 52 1 2438 3812 39 38
1604 2508 270.jpg 26 38 1 2213 3461 35 38
1604 2508 270.jpg 26 13 1 1812 2834 29 29
1604 2508 270.jpg 26 11 1 1780 2783 28 28
1604 2508 270.jpg 26 38 2 995 1555 17 17
2086 2513 271.jpg 25 29 1 2690 3241 32 32
2086 2513 271.jpg 25 47 1 3066 3694 36 36
2086 2513 271.jpg 25 33 1 2774 3342 33 32
2086 2513 271.jpg 25 66 1 3462 4171 41 40
2086 2513 271.jpg 25 53 2 981 1182 12 13
2086 2513 271.jpg 25 61 2 814 981 10 10
2086 2513 271.jpg 25 58 1 3295 3970 39 38
2086 2513 271.jpg 25 21 2 1649 1986 20 20
2086 2513 271.jpg 25 63 2 772 930 10 10
2086 2513 271.jpg 25 60 2 835 1006 10 10
2086 2513 272.jpg 29 25 1 2607 3141 36 39
2086 2513 272.jpg 29 10 2 1878 2262 27 26
2086 2513 272.jpg 29 62 2 793 955 12 11
2086 2513 272.jpg 29 19 1 2482 2990 34 35
2086 2513 272.jpg 29 51 1 3149 3794 43 44
2086 2513 272.jpg 29 23 2 1607 1936 23 24
2086 2513 272.jpg 29 55 1 3233 3895 44 46
2086 2513 272.jpg 29 54 1 3212 3870 44 51
2086 2513 272.jpg 29 13 1 2357 2839 32 33
2086 2513 272.jpg 29 62 1 3379 4071 46 48
1387 2487 273.jpg 31 64 2 500 896 12 12
1387 2487 273.jpg 31 10 2 1249 2239 28 29
1387 2487 273.jpg 31 36 1 1886 3382 42 42
1387 2487 273.jpg 31 33 1 1844 3307 41 41
1387 2487 273.jpg 31 10 2 1249 2239 28 29
1387 2487 273.jpg 31 21 1 1678 3009 37 38
1387 2487 273.jpg 31 41 1 1955 3506 43 43
1387 2487 273.jpg 31 62 1 2246 4028 50 49
1387 2487 273.jpg 31 20 1 1664 2984 37 37
1387 2487 273.jpg 31 11 2 1235 2214 28 28
1516 2534 274.jpg 32 28 1 1940 3243 40 42
1516 2534 274.jpg 32 44 2 850 1420 18 18
1516 2534 274.jpg 32 64 2 546 913 12 12
1516 2534 274.jpg 32 35 2 986 1648 21 21
1516 2534 274.jpg 32 15 1 1743 2914 36 38
1516 2534 274.jpg 32 48 1 2243 3750 47 49
1516 2534 274.jpg 32 43 1 2168 3623 45 47
1516 2534 274.jpg 32 21 1 1834 3066 38 39
1516 2534 274.jpg 32 11 2 1350 2256 29 29
1516 2534 274.jpg 32 46 1 2213 3699 46 48
2469 2513 275.jpg 31 55 2 1111 1131 14 15
2469 2513 275.jpg 31 63 1 4024 4096 50 50
2469 2513 275.jpg 31 44 2 1383 1408 18 20
2469 2513 275.jpg 31 65 2 865 880 11 12
2469 2513 275.jpg 31 13 1 2789 2839 35 35
2469 2513 275.jpg 31 39 2 1506 1533 19 20
2469 2513 275.jpg 31 17 2 2049 2086 26 28
2469 2513 275.jpg 31 59 2 1013 1031 13 14
2469 2513 275.jpg 31 37 2 1556 1584 20 21
2469 2513 275.jpg 31 33 2 1655 1684 21 22
2702 2482 276.jpg 33 57 1 4241 3896 51 52
2702 2482 276.jpg 33 12 2 2379 2185 30 29
2702 2482 276.jpg 33 63 1 4404 4045 53 53
2702 2482 276.jpg 33 27 2 1973 1812 25 25
2702 2482 276.jpg 33 10 2 2432 2234 30 30
2702 2482 276.jpg 33 21 1 3269 3003 39 39
2702 2482 276.jpg 33 23 1 3323 3052 40 40
2702 2482 276.jpg 33 14 2 2324 2135 29 28
2702 2482 276.jpg 33 27 2 1973 1812 25 25
2702 2482 276.jpg 33 58 2 1135 1043 14 14
2044 2482 277.jpg 27 32 1 2698 3276 35 36
2044 2482 277.jpg 27 34 1 2738 3325 36 36
2044 2482 277.jpg 27 31 2 1411 1713 19 19
2044 2482 277.jpg 27 14 2 1758 2135 24 24
2044 2482 277.jpg 27 51 1 3086 3747 40 42
2044 2482 277.jpg 27 36 2 1309 1589 18 18
2044 2482 277.jpg 27 57 1 3208 3896 42 43
2044 2482 277.jpg 27 54 1 3148 3822 41 41
2044 2482 277.jpg 27 29 1 2636 3201 34 35
2044 2482 277.jpg 27 43 2 1165 1415 16 16
2163 2482 278.jpg 29 35 2 1407 1614 19 20
2163 2482 278.jpg 29 51 2 1061 1217 15 15
2163 2482 278.jpg 29 56 2 953 1093 13 13
2163 2482 278.jpg 29 28 2 1558 1788 21 22
2163 2482 278.jpg 29 46 2 1169 1341 16 16
2163 2482 278.jpg 29 22 1 2639 3028 35 37
2163 2482 278.jpg 29 30 2 1515 1738 21 21
2163 2482 278.jpg 29 33 2 1449 1663 20 20
2163 2482 278.jpg 29 38 1 2985 3425 40 40
2163 2482 278.jpg 29 47 1 3179 3648 42 43
1998 2446 279.jpg 20 30 2 1399 1713 14 14
1998 2446 279.jpg 20 50 1 2997 3669 30 30
1998 2446 279.jpg 20 29 2 1419 1737 15 14
1998 2446 279.jpg 20 31 2 1379 1688 14 14
1998 2446 279.jpg 20 59 1 3177 3889 31 34
1998 2446 279.jpg 20 40 1 2797 3424 28 29
1998 2446 279.jpg 20 64 2 720 881 8 8
1998 2446 279.jpg 20 17 2 1659 2031 17 17
1998 2446 279.jpg 20 12 2 1759 2153 18 18
1998 2446 279.jpg 20 23 2 1539 1884 16 16
2179 2446 280.jpg 24 23 1 2680 3008 29 33
2179 2446 280.jpg 24 69 2 676 759 8 8
2179 2446 280.jpg 24 55 2 981 1101 11 11
2179 2446 280.jpg 24 24 1 2702 3033 29 31
2179 2446 280.jpg 24 31 1 2854 3204 31 33
2179 2446 280.jpg 24 48 1 3225 3620 35 38
2179 2446 280.jpg 24 17 1 2549 2861 28 30
2179 2446 280.jpg 24 69 1 3682 4133 40 43
2179 2446 280.jpg 24 52 2 1047 1175 12 12
2179 2446 280.jpg 24 26 1 2745 3081 30 32
2681 2472 281.jpg 29 35 2 1743 1607 19 19
2681 2472 281.jpg 29 58 1 4235 3905 45 47
2681 2472 281.jpg 29 32 1 3539 3263 38 40
2681 2472 281.jpg 29 33 2 1797 1657 20 19
2681 2472 281.jpg 29 41 2 1582 1459 18 17
2681 2472 281.jpg 29 50 1 4022 3708 43 45
2681 2472 281.jpg 29 51 2 1314 1212 15 14
2681 2472 281.jpg 29 32 1 3539 3263 38 40
2681 2472 281.jpg 29 61 2 1047 965 12 11
2681 2472 281.jpg 29 41 1 3780 3485 40 43
2733 2472 282.jpg 29 60 2 1093 989 12 14
2733 2472 282.jpg 29 37 1 3744 3386 39 50
2733 2472 282.jpg 29 66 1 4536 4103 48 58
2733 2472 282.jpg 29 21 1 3307 2991 35 43
2733 2472 282.jpg 29 25 2 2050 1854 22 28
2733 2472 282.jpg 29 48 1 4044 3658 42 48
2733 2472 282.jpg 29 46 2 1476 1335 16 17
2733 2472 282.jpg 29 30 2 1914 1731 21 22
2733 2472 282.jpg 29 28 1 3498 3164 37 42
2733 2472 282.jpg 29 69 1 4618 4177 49 62
2029 2487 283.jpg 23 50 2 1015 1244 12 12
2029 2487 283.jpg 23 19 2 1644 2015 19 19
2029 2487 283.jpg 23 36 2 1299 1592 15 15
2029 2487 283.jpg 23 67 2 670 821 8 8
2029 2487 283.jpg 23 18 2 1664 2040 19 18
2029 2487 283.jpg 23 36 1 2759 3382 31 30
2029 2487 283.jpg 23 17 1 2373 2909 26 28
2029 2487 283.jpg 23 66 1 3368 4128 38 39
2029 2487 283.jpg 23 66 1 3368 4128 38 39
2029 2487 283.jpg 23 53 2 954 1169 11 11
2055 2498 284.jpg 22 13 2 1788 2174 20 20
2055 2498 284.jpg 22 10 1 2260 2747 24 25
2055 2498 284.jpg 22 27 2 1501 1824 17 16
2055 2498 284.jpg 22 49 1 3062 3722 32 32
2055 2498 284.jpg 22 39 2 1254 1524 14 14
2055 2498 284.jpg 22 16 2 1727 2099 19 19
2055 2498 284.jpg 22 62 2 782 950 9 9
2055 2498 284.jpg 22 42 2 1192 1449 13 13
2055 2498 284.jpg 22 65 2 720 875 8 8
2055 2498 284.jpg 22 35 2 1336 1624 15 15
2505 2482 285.jpg 27 45 1 3631 3598 39 39
2505 2482 285.jpg 27 39 2 1529 1515 17 17
2505 2482 285.jpg 27 18 2 2055 2036 23 24
2505 2482 285.jpg 27 60 2 1002 993 11 11
2505 2482 285.jpg 27 41 2 1479 1465 16 17
2505 2482 285.jpg 27 35 2 1629 1614 18 18
2505 2482 285.jpg 27 63 2 928 919 10 10
2505 2482 285.jpg 27 18 1 2955 2928 31 33
2505 2482 285.jpg 27 48 1 3707 3673 39 41
2505 2482 285.jpg 27 53 1 3832 3797 41 42
2785 2498 286.jpg 26 13 2 2424 2174 23 27
2785 2498 286.jpg 26 66 2 948 850 9 10
2785 2498 286.jpg 26 31 1 3648 3272 34 37
2785 2498 286.jpg 26 20 1 3341 2997 31 32
2785 2498 286.jpg 26 47 1 4094 3672 38 43
2785 2498 286.jpg 26 50 1 4178 3747 39 45
2785 2498 286.jpg 26 48 1 4122 3697 38 44
2785 2498 286.jpg 26 52 2 1338 1200 13 14
2785 2498 286.jpg 26 10 2 2507 2249 24 29
2785 2498 286.jpg 26 19 2 2257 2024 22 24
1656 2487 287.jpg 23 29 1 2136 3208 29 31
1656 2487 287.jpg 23 52 1 2517 3780 34 37
1656 2487 287.jpg 23 61 1 2666 4004 37 38
1656 2487 287.jpg 23 66 1 2749 4128 38 39
1656 2487 287.jpg 23 45 2 911 1368 13 13
1656 2487 287.jpg 23 64 1 2715 4078 37 39
1656 2487 287.jpg 23 50 2 828 1244 12 12
1656 2487 287.jpg 23 52 2 795 1194 12 12
1656 2487 287.jpg 23 18 1 1954 2934 27 28
1656 2487 287.jpg 23 69 2 513 771 8 8
1780 2508 288.jpg 24 66 2 605 853 9 9
1780 2508 288.jpg 24 14 2 1531 2157 21 21
1780 2508 288.jpg 24 23 1 2189 3084 29 31
1780 2508 288.jpg 24 56 1 2776 3912 37 38
1780 2508 288.jpg 24 69 1 3008 4238 40 40
1780 2508 288.jpg 24 24 1 2207 3109 29 30
1780 2508 288.jpg 24 19 2 1442 2032 20 20
1780 2508 288.jpg 24 68 1 2990 4213 40 40
1780 2508 288.jpg 24 28 1 2278 3210 30 31
1780 2508 288.jpg 24 29 1 2296 3235 30 32
2355 2508 289.jpg 27 41 1 3320 3536 38 38
2355 2508 289.jpg 27 58 1 3720 3962 42 42
2355 2508 289.jpg 27 37 1 3225 3435 36 41
2355 2508 289.jpg 27 45 2 1296 1380 15 16
2355 2508 289.jpg 27 15 2 2002 2132 23 24
2355 2508 289.jpg 27 16 2 1978 2107 23 24
2355 2508 289.jpg 27 31 1 3085 3285 35 39
2355 2508 289.jpg 27 31 1 3085 3285 35 39
2355 2508 289.jpg 27 11 1 2613 2783 29 32
2355 2508 289.jpg 27 40 2 1413 1505 17 17
2666 2508 290.jpg 31 68 2 854 803 10 10
2666 2508 290.jpg 31 58 1 4212 3962 48 48
2666 2508 290.jpg 31 13 1 3013 2834 35 34
2666 2508 290.jpg 31 60 2 1067 1004 13 12
2666 2508 290.jpg 31 61 1 4291 4037 49 48
2666 2508 290.jpg 31 66 1 4425 4163 51 50
2666 2508 290.jpg 31 11 1 2958 2783 34 33
2666 2508 290.jpg 31 36 2 1707 1606 20 20
2666 2508 290.jpg 31 66 2 907 853 11 10
2666 2508 290.jpg 31 44 1 3838 3611 44 43
1687 2524 291.jpg 25 51 1 2547 3811 37 37
1687 2524 291.jpg 25 51 2 827 1237 13 13
1687 2524 291.jpg 25 61 2 658 985 10 10
1687 2524 291.jpg 25 47 2 894 1338 14 14
1687 2524 291.jpg 25 47 1 2480 3710 36 36
1687 2524 291.jpg 25 67 1 2817 4215 41 41
1687 2524 291.jpg 25 25 2 1265 1893 19 19
1687 2524 291.jpg 25 69 1 2851 4265 42 43
1687 2524 291.jpg 25 37 2 1063 1591 16 16
1687 2524 291.jpg 25 36 2 1080 1616 16 16
2029 2524 292.jpg 25 48 2 1055 1313 13 14
2029 2524 292.jpg 25 30 2 1420 1767 18 18
2029 2524 292.jpg 25 54 1 3124 3886 38 41
2029 2524 292.jpg 25 22 1 2475 3079 30 31
2029 2524 292.jpg 25 50 1 3044 3786 37 39
2029 2524 292.jpg 25 60 2 812 1010 10 11
2029 2524 292.jpg 25 56 1 3165 3937 39 40
2029 2524 292.jpg 25 35 2 1319 1641 17 17
2029 2524 292.jpg 25 31 1 2658 3306 32 35
2029 2524 292.jpg 25 67 2 670 833 9 9
1589 2451 293.jpg 32 12 2 1398 2157 29 28
1589 2451 293.jpg 32 22 1 1938 2990 39 37
1589 2451 293.jpg 32 21 2 1256 1937 26 24
1589 2451 293.jpg 32 38 1 2193 3382 44 40
1589 2451 293.jpg 32 68 1 2669 4117 53 52
1589 2451 293.jpg 32 26 1 2002 3088 40 41
1589 2451 293.jpg 32 64 1 2606 4019 52 50
1589 2451 293.jpg 32 56 2 700 1079 15 14
1589 2451 293.jpg 32 30 1 2066 3186 41 42
1589 2451 293.jpg 32 34 2 1049 1618 22 21
1589 2451 294.jpg 29 25 1 1986 3063 36 41
1589 2451 294.jpg 29 25 2 1192 1839 22 25
1589 2451 294.jpg 29 66 2 541 834 10 11
1589 2451 294.jpg 29 24 1 1970 3039 35 41
1589 2451 294.jpg 29 66 1 2637 4068 48 56
1589 2451 294.jpg 29 62 1 2574 3970 46 54
1589 2451 294.jpg 29 62 1 2574 3970 46 54
1589 2451 294.jpg 29 57 1 2495 3848 45 46
1589 2451 294.jpg 29 28 2 1144 1765 21 23
1589 2451 294.jpg 29 38 1 2193 3382 40 46
1827 2451 295.jpg 25 18 2 1498 2010 21 21
1827 2451 295.jpg 25 44 1 2631 3529 36 36
1827 2451 295.jpg 25 18 2 1498 2010 21 21
1827 2451 295.jpg 25 59 1 2905 3897 39 39
1827 2451 295.jpg 25 18 2 1498 2010 21 21
1827 2451 295.jpg 25 53 1 2795 3750 38 39
1827 2451 295.jpg 25 69 1 3087 4142 42 43
1827 2451 295.jpg 25 22 1 2229 2990 30 31
1827 2451 295.jpg 25 38 1 2521 3382 34 33
1827 2451 295.jpg 25 40 1 2558 3431 35 35
1775 2451 296.jpg 25 17 1 2076 2867 29 30
1775 2451 296.jpg 25 62 2 675 932 10 9
1775 2451 296.jpg 25 30 2 1243 1716 18 17
1775 2451 296.jpg 25 49 1 2644 3651 37 38
1775 2451 296.jpg 25 27 1 2254 3112 31 32
1775 2451 296.jpg 25 21 2 1403 1937 20 19
1775 2451 296.jpg 25 56 2 781 1079 11 11
1775 2451 296.jpg 25 57 1 2787 3848 39 40
1775 2451 296.jpg 25 69 1 3000 4142 42 43
1775 2451 296.jpg 25 55 2 799 1103 12 11
1553 2482 297.jpg 25 58 1 2453 3921 39 42
1553 2482 297.jpg 25 40 2 932 1490 15 16
1553 2482 297.jpg 25 23 2 1196 1912 20 22
1553 2482 297.jpg 25 40 2 932 1490 15 16
1553 2482 297.jpg 25 38 1 2143 3425 34 37
1553 2482 297.jpg 25 56 2 684 1093 11 12
1553 2482 297.jpg 25 40 2 932 1490 15 16
1553 2482 297.jpg 25 35 2 1010 1614 17 17
1553 2482 297.jpg 25 18 1 1832 2928 29 32
1553 2482 297.jpg 25 16 1 1801 2879 29 31
1998 2482 298.jpg 27 62 2 760 944 11 10
1998 2482 298.jpg 27 20 2 1599 1986 22 22
1998 2482 298.jpg 27 13 1 2257 2804 30 31
1998 2482 298.jpg 27 56 2 880 1093 12 12
1998 2482 298.jpg 27 48 1 2957 3673 39 40
1998 2482 298.jpg 27 20 2 1599 1986 22 22
1998 2482 298.jpg 27 39 2 1220 1515 17 16
1998 2482 298.jpg 27 18 2 1639 2036 23 22
1998 2482 298.jpg 27 36 1 2717 3375 36 37
1998 2482 298.jpg 27 13 2 1739 2160 24 24
1998 2482 299.jpg 21 12 1 2237 2779 23 24
1998 2482 299.jpg 21 34 1 2677 3325 28 29
1998 2482 299.jpg 21 45 2 1100 1366 12 11
1998 2482 299.jpg 21 31 1 2617 3251 27 28
1998 2482 299.jpg 21 48 1 2957 3673 31 31
1998 2482 299.jpg 21 22 2 1558 1936 17 16
1998 2482 299.jpg 21 46 2 1079 1341 12 12
1998 2482 299.jpg 21 40 2 1199 1490 13 13
1998 2482 299.jpg 21 24 1 2477 3077 26 26
1998 2482 299.jpg 21 13 1 2257 2804 23 24
2189 2482 300.jpg 20 40 2 1314 1490 12 14
2189 2482 300.jpg 20 17 2 1818 2061 17 20
2189 2482 300.jpg 20 45 2 1205 1366 11 14
2189 2482 300.jpg 20 46 1 3195 3623 29 35
2189 2482 300.jpg 20 38 2 1357 1539 13 18
2189 2482 300.jpg 20 61 2 854 968 8 9
2189 2482 300.jpg 20 53 2 1029 1167 10 12
2189 2482 300.jpg 20 65 1 3612 4095 33 54
2189 2482 300.jpg 20 10 2 1970 2234 18 20
2189 2482 300.jpg 20 67 1 3655 4144 33 54
3510 2483 301.jpg 29 66 1 5825 4121 48 49
3510 2483 301.jpg 29 59 1 5580 3947 46 45
3510 2483 301.jpg 29 17 1 4107 2905 33 35
3510 2483 301.jpg 29 25 2 2634 1863 22 22
3510 2483 301.jpg 29 57 2 1510 1068 13 13
3510 2483 301.jpg 29 21 2 2774 1962 23 23
3510 2483 301.jpg 29 48 1 5194 3674 42 43
3510 2483 301.jpg 29 23 1 4317 3054 35 35
3510 2483 301.jpg 29 48 1 5194 3674 42 43
3510 2483 301.jpg 29 58 2 1474 1043 13 12
3012 2450 302.jpg 39 33 1 4005 3258 51 52
3012 2450 302.jpg 39 15 1 3463 2817 44 41
3012 2450 302.jpg 39 59 1 4788 3895 62 57
3012 2450 302.jpg 39 15 2 2561 2083 34 32
3012 2450 302.jpg 39 13 2 2621 2132 34 34
3012 2450 302.jpg 39 60 2 1205 980 16 15
3012 2450 302.jpg 39 15 2 2561 2083 34 32
3012 2450 302.jpg 39 22 1 3675 2989 47 48
3012 2450 302.jpg 39 46 2 1626 1323 22 20
3012 2450 302.jpg 39 14 2 2590 2107 34 34
3433 2384 303.jpg 30 60 2 1374 954 12 12
3433 2384 303.jpg 30 20 1 4118 2860 36 37
3433 2384 303.jpg 30 47 2 1820 1264 16 17
3433 2384 303.jpg 30 57 2 1477 1026 13 13
3433 2384 303.jpg 30 16 1 3982 2765 34 35
3433 2384 303.jpg 30 64 2 1237 859 11 11
3433 2384 303.jpg 30 33 2 2301 1598 21 21
3433 2384 303.jpg 30 47 1 5046 3504 44 45
3433 2384 303.jpg 30 49 2 1751 1216 16 16
3433 2384 303.jpg 30 57 2 1477 1026 13 13
3421 2533 304.jpg 43 54 1 5267 3900 66 66
3421 2533 304.jpg 43 22 1 4173 3090 52 52
3421 2533 304.jpg 43 25 1 4276 3166 53 53
3421 2533 304.jpg 43 41 2 2019 1495 26 25
3421 2533 304.jpg 43 56 1 5336 3951 67 66
3421 2533 304.jpg 43 10 1 3763 2786 47 47
3421 2533 304.jpg 43 67 1 5713 4230 71 72
3421 2533 304.jpg 43 20 2 2738 2027 35 33
3421 2533 304.jpg 43 18 2 2806 2078 36 35
3421 2533 304.jpg 43 59 2 1403 1039 18 17
2725 2339 305.jpg 27 44 2 1526 1310 16 16
2725 2339 305.jpg 27 35 1 3678 3157 36 37
2725 2339 305.jpg 27 22 1 3324 2853 32 33
2725 2339 305.jpg 27 39 1 3788 3251 37 38
2725 2339 305.jpg 27 17 1 3188 2736 31 32
2725 2339 305.jpg 27 67 1 4551 3906 45 46
2725 2339 305.jpg 27 66 1 4523 3882 44 44
2725 2339 305.jpg 27 15 1 3133 2689 31 31
2725 2339 305.jpg 27 63 1 4441 3812 44 45
2725 2339 305.jpg 27 45 2 1499 1287 15 15
3416 2428 306.jpg 32 66 1 5670 4030 53 51
3416 2428 306.jpg 32 32 2 2324 1652 22 22
3416 2428 306.jpg 32 68 2 1093 777 11 11
3416 2428 306.jpg 32 36 2 2186 1554 21 21
3416 2428 306.jpg 32 24 1 4235 3010 39 39
3416 2428 306.jpg 32 44 2 1913 1360 18 18
3416 2428 306.jpg 32 43 2 1947 1384 19 19
3416 2428 306.jpg 32 45 2 1880 1336 18 18
3416 2428 306.jpg 32 25 1 4270 3035 40 39
3416 2428 306.jpg 32 27 2 2494 1773 24 24
3477 2450 307.jpg 28 38 1 4798 3381 38 40
3477 2450 307.jpg 28 60 1 5563 3920 44 47
3477 2450 307.jpg 28 28 1 4451 3136 35 34
3477 2450 307.jpg 28 66 1 5772 4067 46 47
3477 2450 307.jpg 28 28 1 4451 3136 35 34
3477 2450 307.jpg 28 53 2 1635 1152 14 13
3477 2450 307.jpg 28 46 2 1878 1323 16 15
3477 2450 307.jpg 28 24 1 4311 3038 34 35
3477 2450 307.jpg 28 17 1 4067 2866 32 33
3477 2450 307.jpg 28 59 1 5528 3895 44 45
3377 2500 308.jpg 36 17 2 2803 2075 30 30
3377 2500 308.jpg 36 52 1 5133 3800 54 53
3377 2500 308.jpg 36 13 2 2938 2175 32 32
3377 2500 308.jpg 36 51 2 1655 1225 18 18
3377 2500 308.jpg 36 19 2 2735 2025 30 28
3377 2500 308.jpg 36 65 1 5572 4125 59 58
3377 2500 308.jpg 36 25 1 4221 3125 45 45
3377 2500 308.jpg 36 36 2 2161 1600 24 23
3377 2500 308.jpg 36 64 1 5538 4100 59 60
3377 2500 308.jpg 36 25 1 4221 3125 45 45
3383 2511 309.jpg 36 39 1 4702 3490 50 50
3383 2511 309.jpg 36 33 1 4499 3339 47 52
3383 2511 309.jpg 36 42 1 4803 3565 51 50
3383 2511 309.jpg 36 46 1 4939 3666 52 58
3383 2511 309.jpg 36 20 2 2707 2009 29 29
3383 2511 309.jpg 36 59 2 1388 1030 15 16
3383 2511 309.jpg 36 52 1 5141 3816 54 59
3383 2511 309.jpg 36 39 2 2064 1532 22 23
3383 2511 309.jpg 36 49 1 5040 3741 53 58
3383 2511 309.jpg 36 29 1 4364 3239 46 49
3450 2422 310.jpg 38 33 2 2312 1623 26 24
3450 2422 310.jpg 38 65 1 5692 3996 62 62
3450 2422 310.jpg 38 13 2 3003 2108 34 33
3450 2422 310.jpg 38 63 2 1278 897 15 14
3450 2422 310.jpg 38 38 2 2140 1502 24 24
3450 2422 310.jpg 38 11 2 3071 2156 34 34
3450 2422 310.jpg 38 11 1 3829 2688 42 39
3450 2422 310.jpg 38 40 2 2071 1454 23 21
3450 2422 310.jpg 38 26 2 2554 1793 29 27
3450 2422 310.jpg 38 64 1 5658 3972 62 58
3483 2384 311.jpg 35 15 1 4005 2741 40 41
3483 2384 311.jpg 35 18 1 4110 2813 41 43
3483 2384 311.jpg 35 11 2 3100 2122 32 33
3483 2384 311.jpg 35 55 1 5398 3695 54 56
3483 2384 311.jpg 35 26 2 2579 1765 26 28
3483 2384 311.jpg 35 25 2 2612 1788 27 27
3483 2384 311.jpg 35 38 1 4805 3289 48 50
3483 2384 311.jpg 35 15 2 2961 2027 30 32
3483 2384 311.jpg 35 60 1 5572 3814 56 55
3483 2384 311.jpg 35 25 2 2612 1788 27 27
3405 2372 312.jpg 32 53 1 5209 3629 48 259
3405 2372 312.jpg 32 10 1 3745 2609 35 35
3405 2372 312.jpg 32 63 1 5550 3866 52 276
3405 2372 312.jpg 32 20 2 2725 1898 26 27
3405 2372 312.jpg 32 60 1 5448 3795 51 271
3405 2372 312.jpg 32 43 1 4868 3391 45 242
3405 2372 312.jpg 32 44 1 4902 3415 46 245
3405 2372 312.jpg 32 17 2 2826 1969 27 27
3405 2372 312.jpg 32 32 1 4495 3131 42 41
3405 2372 312.jpg 32 28 1 4358 3036 40 41
2630 2339 313.jpg 36 64 1 4312 3835 59 60
2630 2339 313.jpg 36 58 2 1105 983 16 15
2630 2339 313.jpg 36 35 2 1710 1521 24 23
2630 2339 313.jpg 36 64 2 948 843 13 13
2630 2339 313.jpg 36 53 1 4023 3578 55 55
2630 2339 313.jpg 36 42 1 3734 3321 51 51
2630 2339 313.jpg 36 67 2 868 772 12 12
2630 2339 313.jpg 36 41 1 3707 3297 50 50
2630 2339 313.jpg 36 17 1 3076 2736 42 43
2630 2339 313.jpg 36 66 2 895 796 13 12
2453 2295 314.jpg 38 16 1 2845 2662 44 44
2453 2295 314.jpg 38 59 2 1006 941 16 15
2453 2295 314.jpg 38 33 1 3262 3052 50 50
2453 2295 314.jpg 38 54 2 1129 1056 18 17
2453 2295 314.jpg 38 50 1 3679 3442 57 57
2453 2295 314.jpg 38 39 1 3410 3190 52 52
2453 2295 314.jpg 38 28 2 1767 1653 28 27
2453 2295 314.jpg 38 67 2 810 758 13 12
2453 2295 314.jpg 38 44 2 1375 1286 22 20
2453 2295 314.jpg 38 19 1 2919 2731 45 45
2724 2240 315.jpg 32 59 1 4330 3561 50 47
2724 2240 315.jpg 32 68 1 4576 3763 53 55
2724 2240 315.jpg 32 59 1 4330 3561 50 47
2724 2240 315.jpg 32 41 2 1608 1322 19 19
2724 2240 315.jpg 32 30 1 3541 2912 41 43
2724 2240 315.jpg 32 19 1 3241 2665 38 37
2724 2240 315.jpg 32 29 2 1935 1591 23 2
2724 2240 315.jpg 32 15 1 3133 2576 36 37
2724 2240 315.jpg 32 35 2 1771 1456 21 21
2724 2240 315.jpg 32 57 2 1172 964 14 14
2680 2279 316.jpg 35 19 1 3189 2712 41 44
2680 2279 316.jpg 35 31 1 3510 2985 45 46
2680 2279 316.jpg 35 23 1 3296 2803 43 42
2680 2279 316.jpg 35 51 2 1314 1117 18 18
2680 2279 316.jpg 35 16 1 3108 2643 40 43
2680 2279 316.jpg 35 16 1 3108 2643 40 43
2680 2279 316.jpg 35 11 1 2974 2529 38 39
2680 2279 316.jpg 35 66 1 4449 3783 58 57
2680 2279 316.jpg 35 64 1 4395 3737 57 3
2680 2279 316.jpg 35 57 1 4208 3578 54 54
3240 2289 317.jpg 32 16 2 2722 1923 27 28
3240 2289 317.jpg 32 58 2 1362 962 14 14
3240 2289 317.jpg 32 36 2 2074 1465 21 22
3240 2289 317.jpg 32 22 2 2528 1786 25 26
3240 2289 317.jpg 32 36 2 2074 1465 21 22
3240 2289 317.jpg 32 49 2 1653 1168 17 17
3240 2289 317.jpg 32 60 1 5183 3662 51 52
3240 2289 317.jpg 32 33 2 2171 1534 22 22
3240 2289 317.jpg 32 50 1 4859 3433 48 51
3240 2289 317.jpg 32 24 2 2463 1740 25 25
3311 2478 318.jpg 39 18 2 2715 2032 32 31
3311 2478 318.jpg 39 46 2 1789 1339 22 21
3311 2478 318.jpg 39 37 2 2087 1562 25 24
3311 2478 318.jpg 39 42 1 4701 3518 55 55
3311 2478 318.jpg 39 56 2 1458 1091 18 17
3311 2478 318.jpg 39 23 1 4071 3047 47 48
3311 2478 318.jpg 39 68 2 1060 793 13 12
3311 2478 318.jpg 39 19 1 3939 2948 46 46
3311 2478 318.jpg 39 53 2 1557 1165 19 18
3311 2478 318.jpg 39 33 2 2219 1661 27 25
3444 2466 319.jpg 48 64 1 5648 4044 78 81
3444 2466 319.jpg 48 29 1 4443 3181 61 64
3444 2466 319.jpg 48 59 1 5475 3920 76 78
3444 2466 319.jpg 48 13 2 2997 2146 42 11
3444 2466 319.jpg 48 25 1 4304 3082 60 64
3444 2466 319.jpg 48 66 2 1172 839 17 18
3444 2466 319.jpg 48 65 1 5681 4068 79 88
3444 2466 319.jpg 48 57 2 1482 1061 21 23
3444 2466 319.jpg 48 48 2 1792 1283 25 27
3444 2466 319.jpg 48 11 1 3822 2737 53 59
2979 2085 320.jpg 39 19 2 2413 1689 32 31
2979 2085 320.jpg 39 29 2 2116 1481 28 29
2979 2085 320.jpg 39 26 2 2205 1543 29 29
2979 2085 320.jpg 39 32 2 2026 1418 27 27
2979 2085 320.jpg 39 14 2 2563 1794 34 33
2979 2085 320.jpg 39 52 2 1430 1001 19 18
2979 2085 320.jpg 39 48 2 1550 1085 21 20
2979 2085 320.jpg 39 64 1 4885 3419 63 0
2979 2085 320.jpg 39 19 2 2413 1689 32 31
2979 2085 320.jpg 39 33 2 1996 1397 27 2
2990 2367 321.jpg 34 27 2 2183 1728 25 25
2990 2367 321.jpg 34 48 1 4425 3503 50 51
2990 2367 321.jpg 34 51 1 4515 3574 51 50
2990 2367 321.jpg 34 44 2 1675 1326 20 19
2990 2367 321.jpg 34 67 1 4992 3952 56 60
2990 2367 321.jpg 34 57 1 4694 3716 53 51
2990 2367 321.jpg 34 34 2 1974 1563 23 22
2990 2367 321.jpg 34 63 2 1107 876 13 13
2990 2367 321.jpg 34 61 2 1167 924 14 14
2990 2367 321.jpg 34 52 1 4544 3597 51 55
2940 2378 322.jpg 43 38 1 4056 3281 59 59
2940 2378 322.jpg 43 57 1 4615 3733 67 66
2940 2378 322.jpg 43 55 2 1324 1071 20 20
2940 2378 322.jpg 43 45 2 1617 1308 24 24
2940 2378 322.jpg 43 60 1 4703 3804 68 68
2940 2378 322.jpg 43 29 1 3792 3067 55 56
2940 2378 322.jpg 43 35 1 3969 3210 58 58
2940 2378 322.jpg 43 43 2 1676 1356 25 2
2940 2378 322.jpg 43 16 1 3410 2758 49 50
2940 2378 322.jpg 43 31 2 2029 1641 30 30
3161 2261 323.jpg 39 36 1 4298 3074 53 53
3161 2261 323.jpg 39 27 1 4014 2871 49 51
3161 2261 323.jpg 39 51 1 4773 3414 58 58
3161 2261 323.jpg 39 21 2 2498 1787 31 31
3161 2261 323.jpg 39 26 1 3982 2848 49 46
3161 2261 323.jpg 39 52 2 1518 1086 19 18
3161 2261 323.jpg 39 66 2 1075 769 14 13
3161 2261 323.jpg 39 68 2 1012 724 13 13
3161 2261 323.jpg 39 17 1 3698 2645 45 47
3161 2261 323.jpg 39 57 1 4962 3549 61 65
2169 2337 324.jpg 36 66 1 3600 3879 59 59
2169 2337 324.jpg 36 58 1 3427 3692 56 55
2169 2337 324.jpg 36 64 1 3557 3832 59 58
2169 2337 324.jpg 36 23 2 1671 1800 28 27
2169 2337 324.jpg 36 51 2 1064 1146 18 18
2169 2337 324.jpg 36 32 1 2862 3084 47 46
2169 2337 324.jpg 36 52 2 1041 1122 18 17
2169 2337 324.jpg 36 15 1 2494 2687 41 41
2169 2337 324.jpg 36 63 1 3535 3809 58 57
2169 2337 324.jpg 36 62 2 825 889 14 14
2416 2336 325.jpg 50 68 2 774 748 16 16
2416 2336 325.jpg 50 65 2 846 818 18 18
2416 2336 325.jpg 50 30 2 1692 1636 35 35
2416 2336 325.jpg 50 46 1 3527 3410 73 74
2416 2336 325.jpg 50 67 2 797 771 17 17
2416 2336 325.jpg 50 32 1 3189 3083 66 66
2416 2336 325.jpg 50 36 2 1547 1496 32 32
2416 2336 325.jpg 50 25 1 3020 2920 62 63
2416 2336 325.jpg 50 29 2 1716 1659 36 36
2416 2336 325.jpg 50 38 2 1499 1449 31 30
1195 2095 326.jpg 27 46 1 1744 3058 39 37
1195 2095 326.jpg 27 41 2 706 1237 16 16
1195 2095 326.jpg 27 33 1 1589 2786 35 33
1195 2095 326.jpg 27 31 1 1565 2744 35 33
1195 2095 326.jpg 27 43 1 1708 2995 38 40
1195 2095 326.jpg 27 35 1 1613 2828 36 33
1195 2095 326.jpg 27 30 2 837 1467 19 18
1195 2095 326.jpg 27 48 1 1768 3100 39 38
1195 2095 326.jpg 27 58 2 502 880 12 11
1195 2095 326.jpg 27 38 2 741 1299 17 16
1775 3227 327.jpg 38 42 2 1030 1872 23 21
1775 3227 327.jpg 38 28 2 1278 2324 28 27
1775 3227 327.jpg 38 61 2 693 1259 15 15
1775 3227 327.jpg 38 49 2 905 1646 20 19
1775 3227 327.jpg 38 12 2 1562 2840 34 33
1775 3227 327.jpg 38 33 2 1190 2163 26 25
1775 3227 327.jpg 38 39 2 1083 1969 24 23
1775 3227 327.jpg 38 69 1 2999 5453 64 62
1775 3227 327.jpg 38 49 2 905 1646 20 19
1775 3227 327.jpg 38 32 1 2343 4259 50 49
1471 2359 328.jpg 39 39 1 2045 3279 54 58
1471 2359 328.jpg 39 35 1 1985 3184 52 56
1471 2359 328.jpg 39 13 2 1280 2053 34 34
1471 2359 328.jpg 39 32 1 1941 3113 51 53
1471 2359 328.jpg 39 62 1 2383 3821 63 63
1471 2359 328.jpg 39 17 2 1221 1958 33 32
1471 2359 328.jpg 39 17 1 1721 2760 45 47
1471 2359 328.jpg 39 63 2 544 873 15 15
1471 2359 328.jpg 39 32 1 1941 3113 51 53
1471 2359 328.jpg 39 57 2 633 1015 17 17
803 2318 329.jpg 27 15 2 683 1971 23 23
803 2318 329.jpg 27 16 1 931 2688 31 32
803 2318 329.jpg 27 49 1 1196 3453 40 41
803 2318 329.jpg 27 20 2 643 1855 22 22
803 2318 329.jpg 27 43 2 458 1322 16 16
803 2318 329.jpg 27 58 2 337 974 12 12
803 2318 329.jpg 27 51 1 1212 3500 40 43
803 2318 329.jpg 27 24 1 996 2874 33 34
803 2318 329.jpg 27 36 2 514 1484 18 17
803 2318 329.jpg 27 36 2 514 1484 18 17
659 2323 330.jpg 25 40 2 395 1394 15 17
659 2323 330.jpg 25 18 2 540 1905 21 22
659 2323 330.jpg 25 14 1 751 2648 28 30
659 2323 330.jpg 25 58 1 1041 3670 39 42
659 2323 330.jpg 25 44 1 949 3345 36 39
659 2323 330.jpg 25 34 2 435 1534 17 18
659 2323 330.jpg 25 40 2 395 1394 15 17
659 2323 330.jpg 25 28 1 843 2973 32 34
659 2323 330.jpg 25 34 1 883 3112 33 36
659 2323 330.jpg 25 53 2 310 1092 12 14
1100 2259 331.jpg 33 23 2 847 1740 26 30
1100 2259 331.jpg 33 51 1 1661 3411 49 49
1100 2259 331.jpg 33 40 1 1540 3162 46 46
1100 2259 331.jpg 33 64 2 396 814 12 12
1100 2259 331.jpg 33 14 2 946 1943 29 30
1100 2259 331.jpg 33 40 1 1540 3162 46 46
1100 2259 331.jpg 33 26 1 1386 2846 41 40
1100 2259 331.jpg 33 20 2 880 1808 27 28
1100 2259 331.jpg 33 11 1 1221 2507 36 36
1100 2259 331.jpg 33 65 1 1815 3727 54 56
1141 2446 332.jpg 35 28 1 1460 3130 44 45
1141 2446 332.jpg 35 20 2 913 1957 28 28
1141 2446 332.jpg 35 32 1 1506 3228 46 47
1141 2446 332.jpg 35 64 2 411 881 13 14
1141 2446 332.jpg 35 61 2 445 954 14 15
1141 2446 332.jpg 35 23 2 879 1884 27 28
1141 2446 332.jpg 35 23 1 1403 3008 43 44
1141 2446 332.jpg 35 53 2 536 1150 17 18
1141 2446 332.jpg 35 20 1 1369 2935 42 42
1141 2446 332.jpg 35 14 2 981 2104 31 30
1156 2351 333.jpg 33 28 2 832 1693 24 24
1156 2351 333.jpg 33 39 2 706 1435 21 20
1156 2351 333.jpg 33 16 2 971 1975 28 29
1156 2351 333.jpg 33 18 1 1364 2774 38 37
1156 2351 333.jpg 33 33 1 1537 3126 43 44
1156 2351 333.jpg 33 10 1 1272 2586 36 37
1156 2351 333.jpg 33 13 1 1306 2656 37 39
1156 2351 333.jpg 33 33 2 775 1576 23 22
1156 2351 333.jpg 33 53 2 543 1105 16 2
1156 2351 333.jpg 33 20 2 925 1881 27 27
1480 2359 334.jpg 38 30 2 1036 1652 27 28
1480 2359 334.jpg 38 56 1 2309 3680 59 65
1480 2359 334.jpg 38 26 1 1865 2972 47 53
1480 2359 334.jpg 38 58 2 622 991 16 18
1480 2359 334.jpg 38 16 1 1717 2736 44 52
1480 2359 334.jpg 38 38 2 918 1463 24 27
1480 2359 334.jpg 38 51 1 2235 3562 57 69
1480 2359 334.jpg 38 38 2 918 1463 24 27
1480 2359 334.jpg 38 22 1 1805 2877 46 51
1480 2359 334.jpg 38 19 1 1761 2807 45 50
1357 2274 335.jpg 33 57 1 2130 3570 51 53
1357 2274 335.jpg 33 17 2 1127 1888 28 29
1357 2274 335.jpg 33 43 1 1940 3251 47 49
1357 2274 335.jpg 33 10 2 1222 2047 30 31
1357 2274 335.jpg 33 57 2 584 978 15 15
1357 2274 335.jpg 33 42 1 1927 3229 46 51
1357 2274 335.jpg 33 39 1 1886 3160 45 49
1357 2274 335.jpg 33 35 1 1831 3069 44 44
1357 2274 335.jpg 33 59 2 557 933 14 15
1357 2274 335.jpg 33 32 1 1791 3001 43 43
1023 1890 336.jpg 32 38 1 1412 2608 44 46
1023 1890 336.jpg 32 21 2 809 1494 26 26
1023 1890 336.jpg 32 22 1 1248 2305 39 42
1023 1890 336.jpg 32 65 2 358 662 12 12
1023 1890 336.jpg 32 54 2 471 870 15 16
1023 1890 336.jpg 32 62 1 1657 3061 51 54
1023 1890 336.jpg 32 47 2 542 1002 17 17
1023 1890 336.jpg 32 62 2 389 719 13 12
1023 1890 336.jpg 32 40 2 614 1134 20 20
1023 1890 336.jpg 32 25 2 768 1418 24 25
1556 2382 337.jpg 22 35 1 2100 3215 29 30
1556 2382 337.jpg 22 38 1 2147 3287 30 39
1556 2382 337.jpg 22 47 2 825 1263 12 13
1556 2382 337.jpg 22 31 1 2038 3120 28 30
1556 2382 337.jpg 22 60 1 2489 3811 35 34
1556 2382 337.jpg 22 17 2 1292 1978 19 19
1556 2382 337.jpg 22 17 1 1820 2786 25 26
1556 2382 337.jpg 22 51 2 763 1168 11 11
1556 2382 337.jpg 22 11 1 1727 2644 24 25
1556 2382 337.jpg 22 61 1 2505 3835 35 36
2041 2174 338.jpg 37 25 2 1531 1631 28 28
2041 2174 338.jpg 37 48 1 3020 3217 54 60
2041 2174 338.jpg 37 41 1 2877 3065 52 54
2041 2174 338.jpg 37 68 2 653 696 12 13
2041 2174 338.jpg 37 28 2 1470 1566 27 27
2041 2174 338.jpg 37 12 2 1797 1914 33 36
2041 2174 338.jpg 37 34 1 2735 2913 49 50
2041 2174 338.jpg 37 48 1 3020 3217 54 60
2041 2174 338.jpg 37 67 1 3408 3630 61 68
2041 2174 338.jpg 37 19 1 2429 2587 44 45
1554 2305 339.jpg 44 12 2 1368 2029 39 36
1554 2305 339.jpg 44 52 2 746 1107 22 21
1554 2305 339.jpg 44 17 1 1818 2696 51 47
1554 2305 339.jpg 44 26 2 1150 1706 33 30
1554 2305 339.jpg 44 21 2 1228 1821 35 32
1554 2305 339.jpg 44 59 2 638 946 19 18
1554 2305 339.jpg 44 33 2 1042 1545 30 27
1554 2305 339.jpg 44 30 2 1088 1614 31 28
1554 2305 339.jpg 44 57 2 669 992 19 17
1554 2305 339.jpg 44 45 1 2253 3342 63 58
1623 2403 340.jpg 49 14 1 1850 2739 55 131
1623 2403 340.jpg 49 50 2 812 1202 25 23
1623 2403 340.jpg 49 57 2 698 1034 22 19
1623 2403 340.jpg 49 29 1 2093 3099 63 150
1623 2403 340.jpg 49 40 2 974 1442 30 28
1623 2403 340.jpg 49 47 2 860 1274 26 23
1623 2403 340.jpg 49 62 2 617 914 19 17
1623 2403 340.jpg 49 33 1 2158 3195 65 152
1623 2403 340.jpg 49 30 2 1137 1683 35 33
1623 2403 340.jpg 49 51 2 796 1178 25 22
1746 2359 341.jpg 47 45 1 2531 3420 68 8
1746 2359 341.jpg 47 37 2 1101 1487 30 30
1746 2359 341.jpg 47 60 2 699 944 19 19
1746 2359 341.jpg 47 12 1 1955 2642 52 6
1746 2359 341.jpg 47 10 2 1572 2124 43 5
1746 2359 341.jpg 47 14 2 1502 2029 41 40
1746 2359 341.jpg 47 49 1 2601 3514 70 68
1746 2359 341.jpg 47 29 2 1240 1675 34 32
1746 2359 341.jpg 47 20 1 2095 2830 56 6
1746 2359 341.jpg 47 52 2 839 1133 23 23
1649 2264 342.jpg 44 50 1 2474 3396 66 67
1649 2264 342.jpg 44 24 2 1254 1721 34 36
1649 2264 342.jpg 44 66 2 561 770 15 16
1649 2264 342.jpg 44 34 1 2209 3033 58 65
1649 2264 342.jpg 44 69 1 2787 3826 74 77
1649 2264 342.jpg 44 14 1 1879 2580 50 55
1649 2264 342.jpg 44 25 1 2061 2830 55 54
1649 2264 342.jpg 44 69 1 2787 3826 74 77
1649 2264 342.jpg 44 12 1 1846 2535 49 48
1649 2264 342.jpg 44 50 1 2474 3396 66 67
818 2069 343.jpg 31 23 2 630 1594 24 24
818 2069 343.jpg 31 33 1 1088 2751 41 40
818 2069 343.jpg 31 54 2 376 952 15 14
818 2069 343.jpg 31 22 1 998 2524 37 36
818 2069 343.jpg 31 43 2 467 1180 18 18
818 2069 343.jpg 31 36 1 1112 2813 42 41
818 2069 343.jpg 31 15 2 695 1759 27 26
818 2069 343.jpg 31 16 2 687 1738 27 25
818 2069 343.jpg 31 59 2 336 849 13 13
818 2069 343.jpg 31 39 1 1137 2875 43 40
1195 2295 344.jpg 29 31 2 825 1584 21 21
1195 2295 344.jpg 29 51 2 586 1125 15 15
1195 2295 344.jpg 29 21 1 1445 2776 35 39
1195 2295 344.jpg 29 50 1 1792 3442 43 48
1195 2295 344.jpg 29 22 2 933 1791 23 24
1195 2295 344.jpg 29 39 1 1661 3190 40 44
1195 2295 344.jpg 29 33 1 1589 3052 38 41
1195 2295 344.jpg 29 49 2 610 1171 15 16
1195 2295 344.jpg 29 66 2 407 781 10 11
1195 2295 344.jpg 29 33 1 1589 3052 38 41
1639 2136 345.jpg 35 28 1 2098 2734 44 47
1639 2136 345.jpg 35 67 2 541 705 12 12
1639 2136 345.jpg 35 32 1 2163 2819 46 49
1639 2136 345.jpg 35 62 1 2655 3460 56 61
1639 2136 345.jpg 35 68 2 525 684 12 12
1639 2136 345.jpg 35 67 1 2737 3567 58 58
1639 2136 345.jpg 35 44 1 2360 3075 50 52
1639 2136 345.jpg 35 62 1 2655 3460 56 61
1639 2136 345.jpg 35 12 2 1443 1880 31 31
1639 2136 345.jpg 35 65 2 574 748 13 13
2125 2148 346.jpg 35 53 1 3251 3286 53 7
2125 2148 346.jpg 35 64 2 766 774 13 12
2125 2148 346.jpg 35 61 1 3421 3458 56 7
2125 2148 346.jpg 35 55 1 3293 3329 54 6
2125 2148 346.jpg 35 37 1 2910 2942 47 6
2125 2148 346.jpg 35 57 2 914 924 16 14
2125 2148 346.jpg 35 12 1 2379 2405 39 5
2125 2148 346.jpg 35 39 1 2953 2985 48 6
2125 2148 346.jpg 35 27 2 1552 1569 26 24
2125 2148 346.jpg 35 65 1 3506 3544 57 7
1944 2082 347.jpg 29 67 2 642 688 10 11
1944 2082 347.jpg 29 51 2 953 1021 15 16
1944 2082 347.jpg 29 29 2 1381 1479 21 22
1944 2082 347.jpg 29 51 2 953 1021 15 16
1944 2082 347.jpg 29 44 1 2799 2998 41 41
1944 2082 347.jpg 29 53 2 914 979 14 15
1944 2082 347.jpg 29 58 1 3071 3289 45 50
1944 2082 347.jpg 29 60 2 778 833 12 13
1944 2082 347.jpg 29 52 1 2954 3164 44 49
1944 2082 347.jpg 29 59 1 3091 3310 46 51
2303 2128 348.jpg 45 35 1 3108 2872 60 62
2303 2128 348.jpg 45 40 1 3224 2979 63 63
2303 2128 348.jpg 45 62 2 876 809 18 18
2303 2128 348.jpg 45 29 2 1635 1511 32 32
2303 2128 348.jpg 45 15 2 1958 1809 39 39
2303 2128 348.jpg 45 27 2 1682 1554 33 34
2303 2128 348.jpg 45 19 2 1866 1724 37 37
2303 2128 348.jpg 45 26 1 2901 2681 56 56
2303 2128 348.jpg 45 43 2 1313 1213 26 26
2303 2128 348.jpg 45 42 1 3269 3021 63 65
3364 2436 349.jpg 35 59 2 1380 999 15 16
3364 2436 349.jpg 35 67 1 5618 4068 58 71
3364 2436 349.jpg 35 18 1 3969 2874 41 42
3364 2436 349.jpg 35 54 2 1548 1121 17 18
3364 2436 349.jpg 35 63 2 1246 902 13 14
3364 2436 349.jpg 35 24 2 2558 1852 27 28
3364 2436 349.jpg 35 39 1 4676 3386 48 52
3364 2436 349.jpg 35 42 1 4777 3459 49 51
3364 2436 349.jpg 35 31 1 4407 3191 45 49
3364 2436 349.jpg 35 55 2 1515 1097 16 16
3400 2300 350.jpg 41 29 2 2414 1633 30 4
3400 2300 350.jpg 41 62 1 5508 3726 66 6
3400 2300 350.jpg 41 63 2 1258 851 16 14
3400 2300 350.jpg 41 21 1 4114 2783 49 5
3400 2300 350.jpg 41 47 1 4998 3381 60 6
3400 2300 350.jpg 41 67 2 1122 759 14 13
3400 2300 350.jpg 41 29 2 2414 1633 30 4
3400 2300 350.jpg 41 29 2 2414 1633 30 4
3400 2300 350.jpg 41 56 2 1496 1012 19 16
3400 2300 350.jpg 41 68 1 5712 3864 68 6
