10.out.bmp	86.596159	85.200076	13.931159	3.236340	89.065094	84.260413	90.232602	80.699252	
1.out.bmp	91.908115	94.697250	19.654953	4.401647	88.104767	96.054647	93.424465	96.005194	
2.out.bmp	72.069773	83.336506	20.064479	8.186902	60.321567	89.500944	78.042631	89.400845	
3.out.bmp	91.510684	96.644840	20.984644	2.850476	88.244455	95.027995	98.493988	94.863845	
4.out.bmp	81.761235	87.352655	17.292574	7.054155	74.081570	91.217271	84.580904	90.312223	
5.out.bmp	92.068162	97.706429	19.844013	2.497959	87.863851	96.695049	98.923609	96.518838	
6.out.bmp	83.606675	89.519906	17.195655	6.509617	76.934850	91.545547	87.706339	91.410058	
7.out.bmp	77.186927	87.355300	13.983203	5.948226	64.446087	96.206780	80.041446	96.140189	
8.out.bmp	75.890484	72.811642	10.431299	16.597773	99.102667	61.488441	99.805340	57.311087	
9.out.bmp	88.084698	84.691993	15.629146	2.613376	83.673344	92.987084	78.398923	92.083525	
-------------------------------------------------------------------------------------------------------------------
RESULTADO
-------------------------------------------------------------------------------------------------------------------
MEDIA:	84.0682912	87.9316597	16.9011125	5.989647100000001	81.18382520000002	89.4984171	88.96502469999999	88.47450560000001
