10.out.bmp	87.200778	84.299042	13.881842	3.585730	94.996279	80.587664	95.534130	75.428442	
1.out.bmp	87.382062	86.963753	17.875325	8.265119	80.926716	94.956536	80.466050	94.603029	
2.out.bmp	80.947198	89.758152	21.664010	5.569368	68.720097	98.467061	82.687418	98.151220	
3.out.bmp	94.179244	95.653397	22.516146	2.385020	93.092350	95.291819	96.531195	94.791419	
4.out.bmp	84.956381	88.985679	18.031486	6.110056	78.724624	92.259549	87.299147	90.738658	
5.out.bmp	95.669431	97.335678	22.370047	1.648924	93.475850	97.968438	97.087729	97.584898	
6.out.bmp	86.426780	90.718360	17.929432	5.899126	81.121691	92.474291	89.388314	92.088584	
7.out.bmp	77.383451	88.065475	14.119849	5.785119	63.152971	99.892599	78.759037	99.865983	
8.out.bmp	84.347352	84.252392	13.039057	8.593646	93.066704	77.121861	98.334641	73.698256	
9.out.bmp	90.486249	87.089737	16.587170	2.066725	86.341593	95.048880	81.284681	93.787713	
-------------------------------------------------------------------------------------------------------------------
RESULTADO
-------------------------------------------------------------------------------------------------------------------
MEDIA:	86.8978926	89.31216649999999	17.8014364	4.9908833	83.3618875	92.40686980000001	88.73723420000002	91.0738202
