10.out.bmp	81.511621	79.290390	12.540269	4.918574	83.723593	79.413522	85.749331	73.736313	
1.out.bmp	86.224844	86.871809	17.575087	8.695874	78.382248	95.811319	79.690256	95.475942	
2.out.bmp	76.059608	87.137641	20.856559	6.921857	61.888334	98.648206	78.178811	98.415471	
3.out.bmp	92.412449	95.881832	21.478384	2.930417	88.990408	96.108198	96.053926	95.710354	
4.out.bmp	82.973988	87.144315	17.575735	6.910064	75.452051	92.161740	83.932400	90.611837	
5.out.bmp	93.500795	96.917070	20.697308	2.368715	89.474696	97.906292	96.335899	97.505295	
6.out.bmp	84.093946	88.789016	17.355097	6.763451	76.878927	92.803468	85.435869	92.416120	
7.out.bmp	75.226963	87.133847	13.791401	6.301984	60.452063	99.560150	77.507838	99.489894	
8.out.bmp	79.248391	78.096070	11.943452	11.237299	84.880881	74.316901	87.159914	70.739773	
9.out.bmp	82.720480	79.078639	14.218123	4.444939	74.985165	92.235282	70.383983	90.224191	
-------------------------------------------------------------------------------------------------------------------
RESULTADO
-------------------------------------------------------------------------------------------------------------------
MEDIA:	83.39730849999998	86.63406290000002	16.803141500000002	6.149317399999999	77.51083659999999	91.8965078	84.04282270000002	90.432519
