10.out.bmp	81.081211	76.235754	11.796069	6.219765	96.599302	69.858817	96.974128	62.804678	
1.out.bmp	82.238498	80.410865	15.965877	12.883578	83.984347	80.563755	81.603713	79.252387	
2.out.bmp	86.256346	90.101738	22.610152	4.590530	81.642334	91.423118	90.068464	90.135036	
3.out.bmp	87.617941	86.279808	18.748735	6.123347	96.934725	79.935062	97.179043	77.578856	
4.out.bmp	85.172570	85.216594	17.541667	7.235932	89.636042	81.132534	94.170167	77.817784	
5.out.bmp	91.078196	89.702398	18.847710	3.708847	97.200090	85.681755	97.415940	83.120770	
6.out.bmp	86.791948	87.912790	17.579689	6.819574	90.737443	83.175276	94.899846	81.884030	
7.out.bmp	83.366814	91.637300	15.207720	4.321988	72.011649	98.973455	85.500416	98.723269	
8.out.bmp	81.885846	81.194693	12.258227	10.529100	93.451108	72.867906	98.494286	69.064215	
9.out.bmp	87.388533	83.532244	14.996115	3.362952	90.736838	84.278546	86.882632	80.430659	
-------------------------------------------------------------------------------------------------------------------
RESULTADO
-------------------------------------------------------------------------------------------------------------------
MEDIA:	85.28779030000001	85.22241840000001	16.5551961	6.5795613	89.2933878	82.7890224	92.31886349999999	80.0811684
